0 141.448446401313 146.011639684355 137.027863207325
0.03125 140.693629593801 145.25174806257 136.278548604804
0.0625 139.942840744372 144.495811161643 135.533331507422
0.09375 139.196058358477 143.743808399931 134.792189508636
0.125 138.45326105627 142.995719302906 134.055100324433
0.15625 137.714427571994 142.251523502597 133.322041792655
0.1875 136.979536753376 141.511200737033 132.592991872334
0.21875 136.248567561016 140.774730849692 131.867928643029
0.25 135.521499067788 140.042093788956 131.146830304168
0.28125 134.798310458242 139.313269607558 130.429675174394
0.3125 134.078981028003 138.588238462048 129.716441690906
0.34375 133.363490183185 137.866980612243 129.00710840882
0.375 132.651817439795 137.149476420697 128.301654000519
0.40625 131.943942423152 136.435706352163 127.600057255011
0.4375 131.239844867299 135.725650973062 126.902297077295
0.46875 130.539504614427 135.019290950953 126.208352487722
0.5 129.842901614295 134.316607054006 125.518202621369
0.53125 129.150015923657 133.617580150483 124.83182672741
0.5625 128.46082770569 132.922191208211 124.149204168488
0.59375 127.775317229428 132.230421294068 123.470314420101
0.625 127.093464869196 131.542251573465 122.795137069982
0.65625 126.415251104049 130.857663309834 122.123651817484
0.6875 125.74065651721 130.17663786412 121.45583847297
0.71875 125.069661795518 129.49915669427 120.79167695721
0.75 124.402247728876 128.825201354731 120.13114730077
0.78125 123.738395209693 128.154753495945 119.474229643419
0.8125 123.078085232348 127.487794863853 118.820904233525
0.84375 122.421298892637 126.824307299394 118.171151427469
0.875 121.768017387238 126.164272738014 117.524951689045
0.90625 121.118222013166 125.507673209172 116.882285588882
0.9375 120.471894167245 124.854490835852 116.243133803853
0.96875 119.82901534557 124.204707834076 115.607477116496
1 119.189567142981 123.558306512418 114.975296414437
1.03125 118.553531252532 122.915269271527 114.346572689817
1.0625 117.92088946497 122.275578603641 113.721287038715
1.09375 117.291623668212 121.639217092116 113.099420660585
1.125 116.665715846829 121.006167410949 112.48095485769
1.15625 116.043148081527 120.376412324309 111.865871034535
1.1875 115.423902548635 119.749934686064 111.254150697313
1.21875 114.807961519597 119.126717439317 110.64577545335
1.25 114.195307360461 118.506743615938 110.040727010545
1.28125 113.585922531376 117.889996336109 109.438987176828
1.3125 112.97978958609 117.276458807857 108.840537859607
1.34375 112.37689117145 116.6661143266 108.245361065228
1.375 111.777210026905 116.058946274692 107.65343889843
1.40625 111.180728984012 115.454938120973 107.064753561813
1.4375 110.587430965945 114.854073420313 106.479287355296
1.46875 109.997298987007 114.25633581317 105.897022675589
1.5 109.410316152139 113.661709025142 105.317942015663
1.53125 108.826465656444 113.070176866523 104.742027964224
1.5625 108.245730784698 112.481723231865 104.169263205188
1.59375 107.668094910877 111.896332099538 103.59963051716
1.625 107.093541497679 111.313987531292 103.03311277292
1.65625 106.52205409605 110.734673671826 102.469692938904
1.6875 105.953616344714 110.158374748356 101.909354074692
1.71875 105.388211969704 109.585075070182 101.352079332503
1.75 104.825824783898 109.014759028266 100.797851956682
1.78125 104.266438686552 108.447411094803 100.246655283203
1.8125 103.710037662841 107.8830158228 99.6984727391612
1.84375 103.156605783403 107.321557845656 99.1532878422805
1.875 102.606127203877 106.763021876743 98.6110842004143
1.90625 102.058586164455 106.207392708986 98.0718455110539
1.9375 101.513966989429 105.654655214458 97.5355555608384
1.96875 100.972254086741 105.104794343957 97.0021982250671
2 100.433431947538 104.557795126607 96.4717574672142
2.03125 99.8974851457259 104.013642669442 95.9442173384474
2.0625 99.3643983375317 103.472322157004 95.4195619771481
2.09375 98.8341562610608 102.933818850941 94.8977756084339
2.125 98.3067437358614 102.398118089603 94.3788425436853
2.15625 97.7821456624898 101.865205287644 93.8627471800731
2.1875 97.260347022078 101.335065935625 93.3494740000898
2.21875 96.7413328759037 100.80768559962 92.8390075710828
2.25 96.225088364963 100.283049920818 92.3313325447907
2.28125 95.7115987095442 99.7611446151416 91.826433656881
2.3125 95.2008492088054 99.2419554728474 91.3242957264924
2.34375 94.6928252403535 98.7254683581464 90.8249036557772
2.375 94.1875122598252 98.2116692088162 90.3282424294481
2.40625 93.6848958004708 97.700544035819 89.8342971143262
2.4375 93.1849614727405 97.1920789229203 89.3430528588925
2.46875 92.6876949638716 96.6862600263103 88.8544948928411
2.5 92.1930820374791 96.1830735742267 88.3686085266349
2.53125 91.7011085331487 95.6825058665798 87.8853791510644
2.5625 91.2117603660302 95.18454327458 87.4047922368079
2.59375 90.7250235264353 94.6891722403657 86.9268333339952
2.625 90.2408840794362 94.1963792766354 86.451488071773
2.65625 89.7593281644664 93.7061509662795 85.9787421578721
2.6875 89.2803419949242 93.2184739620153 85.5085813781789
2.71875 88.8039118577778 92.7333349860239 85.0409915963068
2.75 88.3300241131728 92.2507208295884 84.5759587531723
2.78125 87.8586651940416 91.7706183527342 84.1134688665712
2.8125 87.3898216057153 91.2930144838715 83.6535080307591
2.84375 86.9234799255369 90.8178962194391 83.1960624160326
2.875 86.4596268024774 90.3452506235506 82.741118268314
2.90625 85.9982489567533 89.8750648276423 82.2886619087374
2.9375 85.5393331794465 89.4073260301223 81.8386797332377
2.96875 85.0828663321262 88.9420214960226 81.3911582121413
3 84.6288353464728 88.479138556652 80.9460838897595
3.03125 84.1772272239036 88.0186646092511 80.5034433839837
3.0625 83.7280290352008 87.5605871166496 80.0632233858834
3.09375 83.2812279201411 87.1048936069245 79.6254106593057
3.125 82.836811087128 86.6515716730606 79.1899920404773
3.15625 82.3947658128249 86.2006089726131 78.7569544376094
3.1875 81.9550794417917 85.7519932273709 78.3262848305027
3.21875 81.5177393861217 85.305712223023 77.8979702701575
3.25 81.0827331250815 84.8617538088255 77.4719978783831
3.28125 80.6500482047529 84.4201058972707 77.0483548474114
3.3125 80.2196722376756 83.9807564637585 76.6270284395113
3.34375 79.7915929024933 83.5436935462685 76.2080059866061
3.375 79.3657979436005 83.1089052450345 75.7912748898922
3.40625 78.9422751707916 82.6763797222206 75.3768226194606
3.4375 78.5210124589126 82.2461052015987 74.9646367139203
3.46875 78.1019977475129 81.818069968228 74.5547047800229
3.5 77.6852190405006 81.3922623681363 74.147014492291
3.53125 77.2706644057992 80.9686708080022 73.7415535926466
3.5625 76.8583219750059 80.5472837548395 73.3383098900433
3.59375 76.4481799430513 80.1280897356837 72.9372712600995
3.625 76.0402265678622 79.7110773372791 72.5384256447335
3.65625 75.6344501700251 79.2962352057685 72.1417610518016
3.6875 75.2308391324515 78.8835520463834 71.747265554737
3.71875 74.8293819000457 78.4730166231374 71.3549272921914
3.75 74.4300669793743 78.0646177585194 70.9647344676784
3.78125 74.0328829383363 77.6583443331901 70.5766753492188
3.8125 73.6378184058364 77.2541852856783 70.1907382689878
3.84375 73.2448620714593 76.8521296120807 69.8069116229641
3.875 72.854002685146 76.4521663657616 69.4251838705812
3.90625 72.4652290568716 76.0542846570553 69.0455435343804
3.9375 72.0785300563248 75.6584736529692 68.6679791996654
3.96875 71.6938946125895 75.2647225768892 68.2924795141594
4 71.311311713828 74.8730207082864 67.9190331876639
4.03125 70.9307704069652 74.4833573824246 67.5476289917187
4.0625 70.5522597973754 74.0957219900706 67.1782557592648
4.09375 70.1757690485701 73.7101039772049 66.8109023843082
4.125 69.8012873818885 73.3264928447347 66.4455578215867
4.15625 69.4288040761878 72.9448781482076 66.0822110862368
4.1875 69.0583084675374 72.5652494975277 65.7208512534643
4.21875 68.6897899489126 72.1875965566726 65.3614674582153
4.25 68.3232379698915 71.8119090434114 65.0040488948497
4.28125 67.9586420363529 71.438176729026 64.6485848168163
4.3125 67.5959917101758 71.0663894380312 64.2950645363296
4.34375 67.2352766089403 70.6965370478985 63.9434774240487
4.375 66.8764864056311 70.3286094887805 63.5938129087574
4.40625 66.5196108283409 69.9625967432362 63.2460604770465
4.4375 66.1646396599769 69.5984888459589 62.9002096729975
4.46875 65.8115627379683 69.2362758835043 62.5562500978688
4.5 65.460369953975 68.8759479940211 62.2141714097822
4.53125 65.1110512535986 68.5174953669821 61.8739633234126
4.5625 64.7635966360943 68.1609082429172 61.5356156096785
4.59375 64.4179961540847 67.806176913148 61.1991180954345
4.625 64.0742399132748 67.4532917195227 60.8644606631653
4.65625 63.7323180721693 67.1022430541542 60.5316332506816
4.6875 63.3922208417901 66.7530213591576 60.2006258508177
4.71875 63.0539384853965 66.4056171263903 59.8714285111303
4.75 62.7174613182063 66.0600208971933 59.5440313335994
4.78125 62.3827797071188 65.7162232621334 59.2184244743309
4.8125 62.0498840704384 65.3742148607472 58.8945981432602
4.84375 61.7187648776011 65.0339863812861 58.5725426038582
4.875 61.389412648901 64.6955285604628 58.2522481728385
4.90625 61.0618179552189 64.3588321831993 57.933705219866
4.9375 60.735971417753 64.0238880823757 57.6169041672677
4.96875 60.4118637077498 63.6906871385808 57.3018354897445
5 60.089485546237 63.3592202798635 56.9884897140846
5.03125 59.7688277037583 63.0294784814867 56.6768574188794
5.0625 59.4498810001088 62.7014527656802 56.3669292342394
5.09375 59.1326363040722 62.3751342013975 56.0586958415128
5.125 58.8170845331597 62.0505139040718 55.7521479730055
5.15625 58.5032166533494 61.7275830353749 55.4472764117023
5.1875 58.1910236788282 61.4063328029756 55.1440719909894
5.21875 57.8804966717344 61.0867544603012 54.8425255943797
5.25 57.5716267419016 60.7688393062988 54.5426281552376
5.28125 57.2644050466045 60.4525786851985 54.2443706565073
5.3125 56.9588227903054 60.1379639862782 53.9477441304411
5.34375 56.6548712244027 59.8249866436283 53.65273965833
5.375 56.3525416469803 59.5136381359193 53.3593483702355
5.40625 56.0518254025583 59.2039099861692 53.067561444723
5.4375 55.7527138818457 58.8957937615131 52.7773701085965
5.46875 55.4551985214932 58.5892810729735 52.4887656366346
5.5 55.1592708038487 58.2843635752316 52.2017393513286
5.53125 54.8649222567131 57.9810329664006 51.9162826226212
5.5625 54.5721444530978 57.6792809877992 51.6323868676472
5.59375 54.2809290109836 57.3790994237271 51.3500435504753
5.625 53.9912675930803 57.0804801012409 51.0692441818518
5.65625 53.7031519065886 56.7834148899321 50.7899803189449
5.6875 53.4165737029623 56.4878957017053 50.5122435650911
5.71875 53.1315247776721 56.1939144905583 50.2360255695427
5.75 52.847996969971 55.9014632523627 49.9613180272167
5.78125 52.5659821626604 55.6105340246462 49.6881126784452
5.8125 52.285472281858 55.3211188863761 49.4164013087268
5.84375 52.0064592967663 55.0332099577428 49.1461757484797
5.875 51.7289352194429 54.7467993999461 48.8774278727965
5.90625 51.4528921045718 54.4618794149814 48.6101496011991
5.9375 51.1783220492358 54.1784422454273 48.3443328973964
5.96875 50.9052171926905 53.8964801742345 48.0799697690424
6 50.6335697161389 53.6159855245161 47.8170522674962
6.03125 50.363371842508 53.3369506593376 47.5555724875822
6.0625 50.0946158362256 53.0593679815101 47.2955225673535
6.09375 49.8272940029993 52.7832299333825 47.0368946878546
6.125 49.5613986895961 52.5085289966365 46.7796810728871
6.15625 49.2969222836232 52.2352576920814 46.523873988775
6.1875 49.03385721331 51.9634085794505 46.2694657441329
6.21875 48.7721959472914 51.6929742571988 46.0164486896347
6.25 48.5119309943926 51.4239473623013 45.7648152177829
6.28125 48.2530549034138 51.1563205700525 45.5145577626808
6.3125 47.9955602629175 50.8900865938671 45.2656687998043
6.34375 47.7394397010162 50.6252381850815 45.0181408457761
6.375 47.4846858851612 50.3617681327565 44.7719664581406
6.40625 47.2312915219327 50.0996692634809 44.5271382351397
6.4375 46.9792493568313 49.8389344411764 44.283648815491
6.46875 46.7285521740698 49.5795565669028 44.041490878166
6.5 46.479192796367 49.3215285786655 43.8006571421698
6.53125 46.2311640847421 49.0648434512225 43.5611403663227
6.5625 45.9844589383104 48.8094941958935 43.3229333490422
6.59375 45.7390702940798 48.5554738603696 43.0860289281264
6.625 45.4949911267486 48.302775528524 42.8504199805386
6.65625 45.2522144485049 48.0513923202235 42.6160994221936
6.6875 45.0107333088257 47.8013173911414 42.3830602077441
6.71875 44.7705407942786 47.5525439325711 42.1512953303693
6.75 44.5316300283236 47.3050651712407 41.920797821564
6.78125 44.293994171116 47.0588743691285 41.691560750929
6.8125 44.0576264193112 46.8139648232799 41.4635772259631
6.84375 43.8225200058692 46.5703298656242 41.2368403918555
6.875 43.5886681998615 46.3279628627939 41.0113434312798
6.90625 43.3560643062779 46.0868572159435 40.7870795641891
6.9375 43.1247016658353 45.8470063605699 40.5640420476121
6.96875 42.8945736547864 45.6084037663342 40.3422241754502
7 42.6656736847309 45.371042936883 40.1216192782761
7.03125 42.4379952024261 45.1349174096722 39.9022207231334
7.0625 42.2115316895997 44.9000207557911 39.6840219133365
7.09375 41.9862766627632 44.6663465797868 39.467016288273
7.125 41.7622236730262 44.4338885194905 39.2511973232062
7.15625 41.5393663059115 44.2026402458441 39.0365585290786
7.1875 41.3176981811722 43.9725954627283 38.8230934523172
7.21875 41.0972129526081 43.7437479067904 38.6107956746395
7.25 40.8779043078847 43.5160913472744 38.3996588128599
7.28125 40.6597659683523 43.2896195858511 38.1896765186987
7.3125 40.4427916888659 43.0643264564496 37.9808424785903
7.34375 40.2269752576071 42.840205825089 37.7731504134941
7.375 40.0123104959056 42.6172515897117 37.5665940787053
7.40625 39.7987912580627 42.3954576800171 37.3611672636673
7.4375 39.5864114311752 42.1748180572965 37.1568637917849
7.46875 39.3751649349604 41.9553267142686 36.9536775202386
7.5 39.165045721582 41.7369776749157 36.7516023397998
7.53125 38.9560477754771 41.5197649943216 36.5506321746475
7.5625 38.7481651131839 41.303682758509 36.3507609821851
7.59375 38.5413917831702 41.0887250842791 36.151982752859
7.625 38.3357218656635 40.874886119051 35.9542915099779
7.65625 38.1311494724809 40.6621600407027 35.7576813095331
7.6875 37.9276687468609 40.4505410574121 35.5621462400197
7.71875 37.7252738632958 40.2400234074998 35.367680422259
7.75 37.5239590273648 40.0306013592722 35.1742780092213
7.78125 37.3237184755678 39.8222692108649 34.981933185851
7.8125 37.1245464751611 39.6150212900881 34.7906401688906
7.84375 36.9264373239924 39.4088519542719 34.6003932067078
7.875 36.7293853503385 39.2037555901126 34.411186579122
7.90625 36.533384912742 38.9997266135199 34.2230145972325
7.9375 36.3384303998506 38.796759469465 34.0358716032475
7.96875 36.1445162302558 38.5948486318292 33.8497519703138
8 35.9516368523335 38.3939886032536 33.6646501023479
8.03125 35.7597867440849 38.1941739149891 33.4805604338673
8.0625 35.5689604129786 37.9953991267481 33.2974774298237
8.09375 35.3791523957929 37.7976588265556 33.1153955854362
8.125 35.1903572584601 37.6009476306025 32.9343094260258
8.15625 35.0025695959103 37.4052601830989 32.7542135068512
8.1875 34.8157840319167 37.2105911561277 32.5751024129445
8.21875 34.6299952189423 37.0169352495006 32.3969707589487
8.25 34.4451978379861 36.8242871906126 32.2198131889559
8.28125 34.261386598431 36.6326417342994 32.043624376346
8.3125 34.0785562378927 36.4419936626942 31.8683990236266
8.34375 33.8967015220685 36.2523377850856 31.694131862274
8.375 33.7158172445879 36.0636689377763 31.5208176525742
8.40625 33.5358982268633 35.8759819839425 31.3484511834662
8.4375 33.3569393179418 35.6892718134942 31.1770272723844
8.46875 33.1789353943576 35.503533342936 31.0065407651035
8.5 33.0018813599857 35.3187615152285 30.8369865355831
8.53125 32.8257721458955 35.1349512996508 30.6683594858137
8.5625 32.6506027102061 34.9520976916636 30.5006545456637
8.59375 32.4763680379418 34.7701957127726 30.3338666727263
8.625 32.3030631408882 34.5892404103935 30.1679908521685
8.65625 32.1306830574502 34.4092268577167 30.0030220965802
8.6875 31.959222852509 34.2301501535732 29.8389554458239
8.71875 31.7886776172815 34.0520054223013 29.6757859668859
8.75 31.6190424691795 33.874787813614 29.513508753728
8.78125 31.4503125516699 33.6984925024666 29.3521189271398
8.8125 31.2824830341358 33.5231146889255 29.1916116345919
8.84375 31.1155491117379 33.3486495980374 29.0319820500904
8.875 30.9495060052775 33.1750924796997 28.8732253740314
8.90625 30.7843489610589 33.0024386085306 28.7153368330571
8.9375 30.6200732507539 32.8306832837408 28.5583116799118
8.96875 30.4566741712666 32.6598218290053 28.4021451932994
9 30.2941470445978 32.4898495923364 28.2468326777414
9.03125 30.1324872177121 32.3207619459568 28.0923694634361
9.0625 29.9716900624043 32.1525542861734 27.9387509061175
9.09375 29.8117509751665 31.9852220332527 27.7859723869162
9.125 29.6526653770571 31.818760631295 27.6340293122201
9.15625 29.4944287135691 31.6531655481115 27.4829171135368
9.1875 29.3370364544998 31.4884322751001 27.3326312473558
9.21875 29.1804840938213 31.3245563271228 27.1831671950122
9.25 29.0247671495514 31.1615332423841 27.0345204625504
9.28125 28.8698811636253 30.9993585823088 26.8866865805896
9.3125 28.7158217017679 30.8380279314215 26.7396611041889
9.34375 28.5625843533668 30.6775368972265 26.5934396127138
9.375 28.4101647313462 30.517881110088 26.4480177097034
9.40625 28.2585584720414 30.3590562231111 26.3033910227381
9.4375 28.1077612350733 30.2010579120237 26.1595552033082
9.46875 27.957768703225 30.0438818750585 26.0165059266831
9.5 27.8085765823173 29.887523832836 25.8742388917814
9.53125 27.6601806010865 29.7319795282479 25.7327498210412
9.5625 27.5125765110616 29.5772447263415 25.5920344602919
9.59375 27.365760086443 29.4233152142039 25.4520885786262
9.625 27.2197271239815 29.2701868008477 25.3129079682728
9.65625 27.0744734428576 29.1178553170967 25.1744884444699
9.6875 26.9299948845621 28.9663166154724 25.0368258453393
9.71875 26.7862873127774 28.8155665700812 24.8999160317615
9.75 26.6433466132581 28.665601076502 24.763754887251
9.78125 26.5011686937144 28.5164160516742 24.6283383178327
9.8125 26.3597494836938 28.368007433787 24.4936622519186
9.84375 26.2190849344655 28.2203711821686 24.3597226401858
9.875 26.079171018904 28.0735032771759 24.2265154554541
9.90625 25.9400037313738 27.9273997200856 24.0940366925655
9.9375 25.801579087615 27.7820565329849 23.9622823682637
9.96875 25.6638931246288 27.6374697586634 23.8312485210738
10 25.5269419005646 27.4936354605051 23.7009312111839
10.03125 25.3907214946066 27.3505497223818 23.5713265203262
10.0625 25.255228006862 27.2082086485456 23.4424305516593
10.09375 25.120457558249 27.0666083635239 23.314239429651
10.125 24.9864062903861 26.9257450120128 23.1867492999621
10.15625 24.8530703654811 26.7856147587729 23.0599563293298
10.1875 24.7204459662219 26.6462137885246 22.9338567054532
10.21875 24.5885292956666 26.5075383058442 22.8084466368783
10.25 24.4573165771352 26.3695845350607 22.6837223528838
10.28125 24.3268040541014 26.2323487201527 22.5596801033683
10.3125 24.1969879900849 26.0958271246465 22.436316158737
10.34375 24.0678646685445 25.9600160315143 22.3136268097899
10.375 23.9394303927718 25.8249117430727 22.1916083676102
10.40625 23.8116814857853 25.6905105808824 22.0702571634532
10.4375 23.684614290225 25.5568088856478 21.9495695486362
10.46875 23.5582251682479 25.4238030171175 21.8295418944287
10.5 23.4325105014238 25.291489353985 21.7101705919434
10.53125 23.3074666906316 25.1598642937905 21.5914520520276
10.5625 23.1830901559563 25.0289242528224 21.4733827051552
10.59375 23.0593773365866 24.8986656660199 21.3559590013196
10.625 22.9363246907129 24.7690849868759 21.2391774099266
10.65625 22.813928695426 24.6401786873406 21.1230344196889
10.6875 22.6921858466158 24.5119432577251 21.0075265385197
10.71875 22.5710926588716 24.3843752066062 20.8926502934283
10.75 22.450645665382 24.2574710607312 20.7784022304155
10.78125 22.3308414178356 24.1312273649232 20.6647789143696
10.8125 22.2116764863225 24.0056406819873 20.5517769289634
10.84375 22.0931474592357 23.8807075926169 20.4393928765512
10.875 21.975250943174 23.7564246953003 20.3276233780669
10.90625 21.8579835628443 23.6327886062286 20.2164650729222
10.9375 21.7413419609654 23.5097959592033 20.1059146189056
10.96875 21.6253227981714 23.3874434055447 19.9959686920821
11 21.5099227529167 23.2657276140005 19.8866239866928
11.03125 21.3951385213805 23.1446452706557 19.7778772150561
11.0625 21.2809668173721 23.0241930788416 19.6697251074685
11.09375 21.1674043722374 22.9043677590467 19.5621644121061
11.125 21.0544479347646 22.7851660488268 19.4551918949275
11.15625 20.9420942710917 22.666584702717 19.3488043395757
11.1875 20.8303401646135 22.5486204921424 19.242998547282
11.21875 20.7191824158898 22.4312702053309 19.1377713367697
11.25 20.6086178425538 22.3145306472253 19.0331195441584
11.28125 20.4986432792206 22.1983986393968 18.9290400228688
11.3125 20.3892555773972 22.0828710199578 18.8255296435281
11.34375 20.2804516053917 21.9679446434765 18.7225852938761
11.375 20.1722282482243 21.8536163808907 18.6202038786714
11.40625 20.0645824075375 21.7398831194231 18.5183823195984
11.4375 19.9575110015078 21.6267417624961 18.417117555175
11.46875 19.8510109647573 21.5141892296477 18.31640654066
11.5 19.7450792482663 21.4022224564477 18.216246247962
11.53125 19.6397128192851 21.2908383944141 18.1166336655483
11.5625 19.5349086612484 21.1800340109303 18.0175657983543
11.59375 19.4306637736879 21.0698062891623 17.9190396676931
11.625 19.3269751721471 20.9601522279767 17.8210523111667
11.65625 19.2238398880952 20.851068841859 17.7236007825762
11.6875 19.1212549688429 20.7425531608322 17.6266821518336
11.71875 19.0192174774573 20.6346022303761 17.5302935048737
11.75 18.9177244926777 20.5272131113469 17.4344319435663
11.78125 18.8167731088327 20.4203828798967 17.3390945856291
11.8125 18.7163604357562 20.3141086273945 17.2442785645411
11.84375 18.6164835987051 20.2083874603468 17.1499810294566
11.875 18.517139738277 20.1032165003186 17.0561991451191
11.90625 18.4183260103282 19.9985928838553 16.9629300917763
11.9375 18.3200395858922 19.8945137624046 16.8701710650952
11.96875 18.2222776510988 19.790976302239 16.7779192760778
12 18.1250374070939 19.6879776843787 16.6861719509776
12.03125 18.0283160699585 19.5855151045146 16.5949263312154
12.0625 17.9321108706301 19.4835857729323 16.5041796732972
12.09375 17.8364190548225 19.382186914436 16.4139292487312
12.125 17.7412378829474 19.2813157682727 16.3241723439461
12.15625 17.6465646300358 19.1809695880574 16.2349062602089
12.1875 17.5523965856601 19.0811456416982 16.1461283135447
12.21875 17.4587310538566 18.9818412113218 16.0578358346552
12.25 17.365565353048 18.8830535931996 15.9700261688387
12.28125 17.2728968159668 18.7847800976742 15.8826966759103
12.3125 17.180722789579 18.6870180490858 15.7958447301228
12.34375 17.0890406350082 18.5897647856998 15.7094677200871
12.375 16.9978477274598 18.4930176596341 15.6235630486942
12.40625 16.9071414561459 18.396774036787 15.5381281330371
12.4375 16.8169192242108 18.3010312967654 15.4531604043329
12.46875 16.7271784486566 18.2057868328138 15.3686573078455
12.5 16.6379165602689 18.111038051743 15.2846163028094
12.53125 16.5491310035437 18.0167823738594 15.2010348623523
12.5625 16.4608192366138 17.9230172328952 15.1179104734201
12.59375 16.3729787311766 17.8297400759383 15.0352406367009
12.625 16.2856069724211 17.7369483633625 14.9530228665497
12.65625 16.1987014589563 17.644639568759 14.8712546909139
12.6875 16.1122597027394 17.552811178867 14.789933651259
12.71875 16.0262792290048 17.4614606935055 14.7090573024946
12.75 15.9407575761928 17.3705856255054 14.6286232129007
12.78125 15.8556922958798 17.2801835006416 14.548628964055
12.8125 15.7710809527074 17.1902518575656 14.4690721507599
12.84375 15.6869211243135 17.1007882477385 14.38995038097
12.875 15.6032104012622 17.0117902353645 14.3112612757207
12.90625 15.5199463869753 16.9232553973245 14.2330024690562
12.9375 15.4371266976638 16.83518132311 14.1551716079587
12.96875 15.3547489622589 16.7475656147575 14.0777663522774
13 15.272810822345 16.6604058867833 14.0007843746581
13.03125 15.1913099320918 16.5736997661188 13.9242233604737
13.0625 15.1102439581869 16.4874448920453 13.848081007754
13.09375 15.0296105797694 16.40163891613 13.7723550271168
13.125 14.9494074883634 16.3162795021624 13.6970431416989
13.15625 14.8696323878117 16.2313643260902 13.6221430870881
13.1875 14.7902829942101 16.1468910759562 13.5476526112545
13.21875 14.7113570358421 16.0628574518355 13.473569474483
13.25 14.6328522531141 15.9792611657725 13.3998914493062
13.28125 14.5547663984901 15.8960999417192 13.3266163204373
13.3125 14.477097236428 15.8133715154727 13.2537418847031
13.34375 14.3998425433151 15.7310736346136 13.1812659509784
13.375 14.3230001074047 15.6492040584452 13.1091863401197
13.40625 14.2465677287529 15.5677605579317 13.0375008848999
13.4375 14.1705432191553 15.4867409156381 12.9662074299429
13.46875 14.0949244020844 15.4061429256698 12.8953038316589
13.5 14.0197091126275 15.325964393612 12.82478795818
13.53125 13.9448951974248 15.2462031364708 12.7546576892963
13.5625 13.8704805146071 15.166856982613 12.6849109163915
13.59375 13.7964629337354 15.0879237717072 12.6155455423804
13.625 13.7228403357392 15.0094013546655 12.5465594816449
13.65625 13.6496106128562 14.931287593584 12.4779506599721
13.6875 13.5767716685716 14.8535803616856 12.4097170144916
13.71875 13.5043214175585 14.7762775432613 12.3418564936131
13.75 13.4322577856181 14.6993770336132 12.2743670569656
13.78125 13.36057870962 14.6228767389967 12.2072466753351
13.8125 13.2892821374436 14.5467745765637 12.1404933306043
13.84375 13.2183660279188 14.4710684743063 12.0741050156916
13.875 13.1478283507682 14.3957563709995 12.0080797344907
13.90625 13.0776670865485 14.320836216146 11.9424155018107
13.9375 13.0078802265927 14.2463059699195 11.8771103433165
13.96875 12.9384657729531 14.1721636031101 11.8121622954692
14 12.8694217383433 14.0984070970682 11.7475694054673
14.03125 12.800746146082 14.0250344436501 11.6833297311879
14.0625 12.732437030036 13.952043645163 11.6194413411282
14.09375 12.6644924345642 13.8794327143108 11.5559023143474
14.125 12.5969104144614 13.80719967414 11.4927107404093
14.15625 12.5296890349025 13.7353425579857 11.4298647193245
14.1875 12.4628263713877 13.6638594094181 11.3673623614933
14.21875 12.3963205096864 13.5927482821894 11.3052017876491
14.25 12.3301695457836 13.5220072401807 11.2433811288017
14.28125 12.2643715858243 13.4516343573494 11.1818985261812
14.3125 12.1989247460599 13.3816277176763 11.120752131182
14.34375 12.1338271527942 13.311985415114 11.0599401053074
14.375 12.0690769423297 13.242705553535 10.9994606201141
14.40625 12.004672260914 13.1737862466794 10.9393118571575
14.4375 11.9406112646872 13.1052256181043 10.8794920079369
14.46875 11.8768921196287 13.0370218011325 10.8199992738407
14.5 11.8135130015049 12.9691729388012 10.7608318660932
14.53125 11.750472095817 12.9016771838122 10.7019880057002
14.5625 11.6877675977488 12.8345326984812 10.6434659233953
14.59375 11.6253977121155 12.7677376546876 10.5852638595876
14.625 11.5633606533117 12.701290233825 10.5273800643078
14.65625 11.5016546452607 12.6351886267517 10.4698127971562
14.6875 11.4402779213637 12.5694310337414 10.4125603272501
14.71875 11.3792287244489 12.5040156644339 10.3556209331721
14.75 11.3185053067214 12.4389407377869 10.2989929029177
14.78125 11.2581059297132 12.3742044820271 10.2426745338446
14.8125 11.1980288642332 12.3098051346019 10.1866641326208
14.84375 11.1382723903181 12.245740942132 10.1309600151743
14.875 11.0788347971826 12.1820101603629 10.0755605066419
14.90625 11.0197143831709 12.1186110541179 10.0204639413194
14.9375 10.9609094557078 12.0555418972507 9.96566866261099
14.96875 10.9024183312503 11.9928009725984 9.91117302297981
15 10.8442393352393 11.9303865719348 9.85697538389825
15.03125 10.7863708020517 11.8682969959239 9.80307411579873
15.0625 10.7288110749527 11.8065305540734 9.7494675980247
15.09375 10.6715585060484 11.7450855646891 9.6961542187819
15.125 10.6146114562389 11.6839603548288 9.64313237508991
15.15625 10.5579682951705 11.6231532602569 9.59040047273395
15.1875 10.5016274011903 11.5626626253987 9.53795692621692
15.21875 10.4455871612986 11.502486803296 9.4858001587118
15.25 10.3898459711034 11.4426241555619 9.43392860201416
15.28125 10.3344022347742 11.3830730523358 9.38234069649503
15.3125 10.2792543649966 11.32383187224 9.33103489105405
15.34375 10.2244007829263 11.2648990023344 9.28000964307279
15.375 10.1698399181446 11.2062728380736 9.22926341836835
15.40625 10.1155702086129 11.1479517832626 9.1787946911473
15.4375 10.0615901006281 11.0899342500133 9.12860194395975
15.46875 10.0078980487784 11.032218658702 9.07868366765372
15.5 9.95449251589861 10.9748034379253 9.0290383613298
15.53125 9.90137197302656 10.9176870244582 8.97966453229601
15.5625 9.84853489935904 10.8608678632113 8.9305606960229
15.59375 9.79597978220839 10.8043444071882 8.88172537609893
15.625 9.74370511695917 10.7481151174435 8.83315710418608
15.65625 9.69170940702504 10.6921784630413 8.7848544199757
15.6875 9.63999116380601 10.6365329210129 8.7368158711446
15.71875 9.58854890664571 10.5811769763157 8.68904001331138
15.75 9.53738116278908 10.5261091217919 8.641525409993
15.78125 9.48648646734018 10.4713278581274 8.59427063256161
15.8125 9.43586336322024 10.4168316938109 8.54727426020156
15.84375 9.38551040112597 10.3626191450937 8.50053487986671
15.875 9.33542613948804 10.3086887359488 8.45405108623794
15.90625 9.28560914442983 10.2550389980308 8.40782148168087
15.9375 9.23605798972636 10.2016684706364 8.36184467620388
15.96875 9.18677125676349 10.148575700664 8.31611928741628
16 9.13774753449727 10.0957592425744 8.27064394048675
