0 0
1.5707963267949 1
3.14159265358979 1.22464679914735E-16
4.71238898038469 -1
6.28318530717959 -2.44929359829471E-16


0 0 0
0.698131700797732 0.642787609686539 0.444444444444444
1.39626340159546 0.984807753012208 0.888888888888889
2.0943951023932 0.866025403784439 0.666666666666667
2.79252680319093 0.342020143325669 0.222222222222222
3.49065850398866 -0.342020143325669 -0.222222222222222
4.18879020478639 -0.866025403784438 -0.666666666666667
4.88692190558412 -0.984807753012208 -0.888888888888889
5.58505360638185 -0.64278760968654 -0.444444444444445
6.28318530717959 -2.44929359829471E-16 -1.11022302462516E-16


0 1 0.785398163397448
0.698131700797732 0.766044443118978 0.785398163397448
1.39626340159546 0.17364817766693 0.785398163397448
2.0943951023932 -0.5 1.5707963267949
2.79252680319093 -0.939692620785908 1.5707963267949
3.49065850398866 -0.939692620785908 0.785398163397448
4.18879020478639 -0.5 0.785398163397448
4.88692190558412 0.17364817766693 0
5.58505360638185 0.766044443118978 0
6.28318530717959 1 0
