0 0
0.698131700797732 0.642787609686539
1.39626340159546 0.984807753012208
2.0943951023932 0.866025403784439
2.79252680319093 0.342020143325669
3.49065850398866 -0.342020143325669
4.18879020478639 -0.866025403784438
4.88692190558412 -0.984807753012208
5.58505360638185 -0.64278760968654
6.28318530717959 -2.44929359829471E-16


0 0 0
0.330693963535768 0.324699469204683 0.304478341430466
0.661387927071535 0.614212712689668 0.608956682860932
0.992081890607303 0.837166478262529 0.786796091086821
1.32277585414307 0.96940026593933 0.948805632662138
1.65346981767884 0.99658449300667 0.941045834875661
1.98416378121461 0.915773326655058 0.884780511557244
2.31485774475037 0.735723910673132 0.700550058376406
2.64555170828614 0.475947393037074 0.452337040264357
2.97624567182191 0.164594590280734 0.162009541575317
3.30693963535768 -0.164594590280734 -0.162009541575317
3.63763359889344 -0.475947393037074 -0.452337040264357
3.96832756242921 -0.735723910673131 -0.700550058376406
4.29902152596498 -0.915773326655057 -0.884780511557244
4.62971548950075 -0.99658449300667 -0.941045834875661
4.96040945303652 -0.96940026593933 -0.948805632662138
5.29110341657228 -0.837166478262529 -0.786796091086821
5.62179738010805 -0.614212712689668 -0.608956682860932
5.95249134364382 -0.324699469204684 -0.304478341430466
6.28318530717959 -2.44929359829471E-16 -2.22044604925031E-16


0 1 0.224375203601086
0.330693963535768 0.945817241700635 0.224375203601086
0.661387927071535 0.789140509396394 0.224375203601086
0.992081890607303 0.546948158122427 0.792513162986775
1.32277585414307 0.245485487140799 0.792513162986775
1.65346981767884 -0.0825793454723323 1.43857581281041
1.98416378121461 -0.401695424652969 1.43857581281041
2.31485774475037 -0.677281571625741 1.86026325903297
2.64555170828614 -0.879473751206489 1.86026325903297
2.97624567182191 -0.986361303402722 1.86026325903297
3.30693963535768 -0.986361303402722 1.86026325903297
3.63763359889344 -0.879473751206489 1.43857581281041
3.96832756242921 -0.677281571625741 1.43857581281041
4.29902152596498 -0.40169542465297 0.792513162986775
4.62971548950075 -0.0825793454723327 0.792513162986775
4.96040945303652 0.245485487140799 0.224375203601086
5.29110341657228 0.546948158122427 0.224375203601086
5.62179738010805 0.789140509396393 -1.11022302462516E-16
5.95249134364382 0.945817241700635 -1.11022302462516E-16
6.28318530717959 1 -1.11022302462516E-16
