0.02 -0.499709461659081 -0.5
0.01995 -0.499709501350323 -0.5
0.0199 -0.499709545758975 -0.5
0.01985 -0.499709594915135 -0.5
0.0198 -0.499709649089001 -0.5
0.01975 -0.499709708016166 -0.5
0.0197 -0.499709771904019 -0.5
0.01965 -0.499711029715097 -0.5
0.0196 -0.499711177752033 -0.5
0.01955 -0.499711329467305 -0.5
0.0195 -0.499711484969505 -0.5
0.01945 -0.499711644689797 -0.5
0.0194 -0.499711808234102 -0.5
0.01935 -0.499711976122309 -0.5
0.0193 -0.499712148246103 -0.5
0.01925 -0.499712299475779 -0.5
0.0192 -0.499712482716625 -0.5
0.01915 -0.499712670614023 -0.5
0.0191 -0.499712863363226 -0.5
0.01905 -0.499713061158256 -0.5
0.019 -0.499713264204575 -0.5
0.01895 -0.49971347228625 -0.5
0.0189 -0.499713685873039 -0.5
0.01885 -0.499713905087338 -0.5
0.0188 -0.49971413006096 -0.5
0.01875 -0.499714361347482 -0.5
0.0187 -0.499714694095164 -0.5
0.01865 -0.499714938513357 -0.5
0.0186 -0.499711470660623 -0.5
0.01855 -0.499711453593967 -0.5
0.0185 -0.499711437621152 -0.5
0.01845 -0.499711422610728 -0.5
0.0184 -0.499711408740806 -0.5
0.01835 -0.49971139589758 -0.5
0.0183 -0.499704675540531 -0.5
0.01825 -0.499704467153053 -0.5
0.0181999999999999 -0.499704250752884 -0.5
0.0181499999999999 -0.499704046326625 -0.5
0.0180999999999999 -0.499703843247898 -0.5
0.0180499999999999 -0.499703645136303 -0.5
0.0179999999999999 -0.499703444224869 -0.5
0.0179499999999999 -0.499703244454323 -0.5
0.0178999999999999 -0.499703045657257 -0.5
0.0178499999999999 -0.499702847847205 -0.5
0.0177999999999999 -0.499702651174289 -0.5
0.0177499999999999 -0.499702455506031 -0.5
0.0176999999999999 -0.499702260871586 -0.5
0.0176499999999999 -0.499702067232064 -0.5
0.0175999999999999 -0.499701874770994 -0.5
0.0175499999999999 -0.499701683153044 -0.5
0.0174999999999999 -0.499701492652206 -0.5
0.0174499999999999 -0.499701303199312 -0.5
0.0173999999999999 -0.499699924589336 -0.5
0.0173499999999999 -0.499699877048804 -0.5
0.0172999999999999 -0.499699829542618 -0.5
0.0172499999999999 -0.49969978207711 -0.5
0.0171999999999999 -0.499699734652416 -0.5
0.0171499999999999 -0.499699687311372 -0.5
0.0170999999999999 -0.4996996400173 -0.5
0.0170499999999999 -0.499699592854346 -0.5
0.0169999999999999 -0.49969954563341 -0.5
0.0169499999999999 -0.49969949861484 -0.5
0.0168999999999999 -0.499699451686133 -0.5
0.0168499999999999 -0.499715526915198 -0.5
0.0167999999999999 -0.499715569212657 -0.5
0.0167499999999999 -0.499715612868201 -0.5
0.0166999999999999 -0.499715658024856 -0.5
0.0166499999999999 -0.499715704660304 -0.5
0.0165999999999999 -0.499715752756389 -0.5
0.0165499999999999 -0.499715802183851 -0.5
0.0164999999999999 -0.499715852941252 -0.5
0.0164499999999999 -0.499715905136559 -0.5
0.0163999999999999 -0.499715958584351 -0.5
0.0163499999999999 -0.499716013421107 -0.5
0.0162999999999999 -0.499716069563832 -0.5
0.0162499999999999 -0.499716126869687 -0.5
0.0161999999999999 -0.499716185616978 -0.5
0.0161499999999999 -0.499716245448236 -0.5
0.0160999999999999 -0.499716306585473 -0.5
0.0160499999999999 -0.499716368904419 -0.5
0.0159999999999999 -0.49971643239616 -0.5
0.0159499999999999 -0.49971649708311 -0.5
0.0158999999999999 -0.49971656287541 -0.5
0.0158499999999999 -0.499716629898133 -0.5
0.0157999999999999 -0.499716698013066 -0.5
0.0157499999999999 -0.499716767209876 -0.5
0.0156999999999999 -0.499716837453941 -0.5
0.0156499999999999 -0.499716908795622 -0.5
0.0155999999999999 -0.499716981216853 -0.5
0.0155499999999999 -0.499717054662367 -0.5
0.0154999999999999 -0.499717128985007 -0.5
0.0154499999999999 -0.49971720445332 -0.5
0.0153999999999999 -0.499717280869957 -0.5
0.0153499999999999 -0.499717358107104 -0.5
0.0152999999999999 -0.499717436505212 -0.5
0.0152499999999999 -0.499717515815838 -0.5
0.0151999999999999 -0.499717596031462 -0.5
0.0151499999999999 -0.499717677060175 -0.5
0.0150999999999999 -0.49971775903415 -0.5
0.0150499999999999 -0.499717841888853 -0.5
0.0149999999999999 -0.499717925490254 -0.5
0.0149499999999999 -0.499718010178979 -0.5
0.0148999999999999 -0.499718095479388 -0.5
0.0148499999999999 -0.499718181704411 -0.5
0.0147999999999999 -0.499718268590697 -0.5
0.0147499999999999 -0.499718356399816 -0.5
0.0146999999999999 -0.49971844483151 -0.5
0.0146499999999999 -0.499718861314923 -0.5
0.0145999999999999 -0.499718958335445 -0.5
0.0145499999999999 -0.499719056175132 -0.5
0.0144999999999999 -0.499719154886607 -0.5
0.0144499999999999 -0.499719254274 -0.5
0.0143999999999999 -0.499719354542005 -0.5
0.0143499999999999 -0.499719455642938 -0.5
0.0142999999999999 -0.49971955752044 -0.5
0.0142499999999999 -0.499718871930031 -0.5
0.0141999999999999 -0.499718977640928 -0.5
0.0141499999999999 -0.499719087893155 -0.5
0.0140999999999999 -0.499719198658704 -0.5
0.0140499999999999 -0.49971931020275 -0.5
0.0139999999999999 -0.499719422415592 -0.5
0.0139499999999999 -0.499719535301145 -0.5
0.0138999999999999 -0.499719648891635 -0.5
0.0138499999999999 -0.499719766055583 -0.5
0.0137999999999999 -0.499719881117346 -0.5
0.0137499999999999 -0.499719996755379 -0.5
0.0136999999999999 -0.499720112988522 -0.5
0.0136499999999999 -0.499720229818209 -0.5
0.0135999999999999 -0.49972034737052 -0.5
0.0135499999999999 -0.499720465411526 -0.5
0.0134999999999999 -0.499720584060452 -0.5
0.0134499999999999 -0.499720703327108 -0.5
0.0133999999999999 -0.499720823069741 -0.5
0.0133499999999999 -0.499741461584466 -0.5
0.0132999999999999 -0.499741183227037 -0.5
0.0132499999999999 -0.499740910903924 -0.5
0.0131999999999999 -0.499740644459052 -0.5
0.0131499999999999 -0.499740383848105 -0.5
0.0130999999999999 -0.499740128817967 -0.5
0.0130499999999999 -0.499739879355893 -0.5
0.0129999999999999 -0.499739635386808 -0.5
0.0129499999999999 -0.499739396807432 -0.5
0.0128999999999999 -0.499739163538349 -0.5
0.0128499999999999 -0.499738935307887 -0.5
0.0127999999999999 -0.499738712187769 -0.5
0.0127499999999999 -0.499738493990073 -0.5
0.0126999999999999 -0.499738280673287 -0.5
0.0126499999999999 -0.499738072151769 -0.5
0.0125999999999999 -0.499737868184291 -0.5
0.0125499999999999 -0.499737668908594 -0.5
0.0124999999999999 -0.499737474047166 -0.5
0.0124499999999999 -0.499737283708553 -0.5
0.0123999999999999 -0.499737097503283 -0.5
0.0123499999999999 -0.499736915689632 -0.5
0.0122999999999999 -0.49973673782759 -0.5
0.0122499999999999 -0.499736564250249 -0.5
0.0121999999999999 -0.499736394396278 -0.5
0.0121499999999999 -0.499736228588868 -0.5
0.0120999999999999 -0.499736066474164 -0.5
0.0120499999999999 -0.499735920540983 -0.5
0.0119999999999999 -0.499735766522966 -0.5
0.0119499999999999 -0.499735616101305 -0.5
0.0118999999999999 -0.499735469166791 -0.5
0.0118499999999999 -0.499741636346909 -0.5
0.0117999999999999 -0.499741505718355 -0.5
0.0117499999999999 -0.499741378865693 -0.5
0.0116999999999999 -0.499741255457362 -0.5
0.0116499999999999 -0.499741135543839 -0.5
0.0115999999999999 -0.499741019160341 -0.5
0.0115499999999999 -0.499740906002423 -0.5
0.0114999999999999 -0.499740796167632 -0.5
0.0114499999999999 -0.499740689622461 -0.5
0.0113999999999999 -0.499740586215922 -0.5
0.0113499999999999 -0.499740485832214 -0.5
0.0112999999999999 -0.499740388383553 -0.5
0.0112499999999999 -0.499740293990823 -0.5
0.0111999999999999 -0.499740202483254 -0.5
0.0111499999999999 -0.499740113688747 -0.5
0.0110999999999999 -0.499740027856658 -0.5
0.0110499999999999 -0.499739944463831 -0.5
0.0109999999999999 -0.499739863780476 -0.5
0.0109499999999999 -0.499739785846322 -0.5
0.0108999999999999 -0.499739710211339 -0.5
0.0108499999999999 -0.499739636991365 -0.5
0.0107999999999999 -0.499739566276282 -0.5
0.0107499999999999 -0.499739497856376 -0.5
0.0106999999999999 -0.4997394341094 -0.5
0.0106499999999999 -0.499739370436789 -0.5
0.0105999999999999 -0.499739308919258 -0.5
0.0105499999999999 -0.499739249527562 -0.5
0.0104999999999999 -0.499739192151485 -0.5
0.0104499999999999 -0.499739136805153 -0.5
0.0103999999999999 -0.499739083517034 -0.5
0.0103499999999999 -0.499739031978144 -0.5
0.0102999999999999 -0.499738982318255 -0.5
0.0102499999999999 -0.49973893452253 -0.5
0.0101999999999999 -0.499738888443888 -0.5
0.0101499999999999 -0.499738844143732 -0.5
0.0100999999999999 -0.499739545908564 -0.5
0.0100499999999999 -0.499740297064793 -0.5
0.00999999999999991 -0.499741061666208 -0.5
0.00994999999999991 -0.499741845059736 -0.5
0.00989999999999991 -0.499742632752637 -0.5
0.00984999999999991 -0.4997434249252 -0.5
0.00979999999999991 -0.499744221480085 -0.5
0.00974999999999991 -0.499745022086635 -0.5
0.00969999999999991 -0.499745830479017 -0.5
0.00964999999999991 -0.49974670149787 -0.5
0.00959999999999991 -0.499747512683832 -0.5
0.00954999999999991 -0.499748328023898 -0.5
0.00949999999999991 -0.499749147387027 -0.5
0.00944999999999991 -0.499749970485006 -0.5
0.00939999999999991 -0.49975079756485 -0.5
0.00934999999999991 -0.499751628424663 -0.5
0.00929999999999991 -0.499752463073975 -0.5
0.00924999999999991 -0.499753304894149 -0.5
0.00919999999999991 -0.499754144402943 -0.5
0.00914999999999992 -0.499754987541197 -0.5
0.00909999999999992 -0.499755834306487 -0.5
0.00904999999999992 -0.499756684629953 -0.5
0.00899999999999992 -0.499757538428371 -0.5
0.00894999999999992 -0.499758395950675 -0.5
0.00889999999999992 -0.499759256822404 -0.5
0.00884999999999992 -0.499760121265842 -0.5
0.00879999999999992 -0.499760989107799 -0.5
0.00874999999999992 -0.499761879016685 -0.5
0.00869999999999992 -0.499762761307347 -0.5
0.00864999999999992 -0.499763639851892 -0.5
0.00859999999999992 -0.499764521730976 -0.5
0.00854999999999992 -0.499765407103169 -0.5
0.00849999999999992 -0.499766295920929 -0.5
0.00844999999999992 -0.499767188134958 -0.5
0.00839999999999992 -0.499768083835098 -0.5
0.00834999999999992 -0.499768984732305 -0.5
0.00829999999999992 -0.499769887688352 -0.5
0.00824999999999992 -0.499770808737622 -0.5
0.00819999999999992 -0.499771719256381 -0.5
0.00814999999999992 -0.499772633377064 -0.5
0.00809999999999992 -0.499773551161891 -0.5
0.00804999999999992 -0.499774472596137 -0.5
0.00799999999999992 -0.499775397895691 -0.5
0.00794999999999992 -0.499776327041043 -0.5
0.00789999999999992 -0.499777259897802 -0.5
0.00784999999999992 -0.499778196881663 -0.5
0.00779999999999992 -0.499779145967191 -0.5
0.00774999999999992 -0.499780091423371 -0.5
0.00769999999999992 -0.499781041097084 -0.5
0.00764999999999992 -0.499781994960073 -0.5
0.00759999999999992 -0.499782953141849 -0.5
0.00754999999999992 -0.499783915953441 -0.5
0.00749999999999993 -0.49978482283651 -0.5
0.00744999999999993 -0.499785799425742 -0.5
0.00739999999999993 -0.499786780816443 -0.5
0.00734999999999993 -0.49978776718246 -0.5
0.00729999999999993 -0.499788758596139 -0.5
0.00724999999999993 -0.499789755148886 -0.5
0.00719999999999993 -0.499790757111314 -0.5
0.00714999999999993 -0.499791764576819 -0.5
0.00709999999999993 -0.499792777727204 -0.5
0.00704999999999993 -0.499793796740127 -0.5
0.00699999999999993 -0.499794821735712 -0.5
0.00694999999999993 -0.499795853117502 -0.5
0.00689999999999993 -0.499796890907529 -0.5
0.00684999999999993 -0.499797935459335 -0.5
0.00679999999999993 -0.49979898702726 -0.5
0.00674999999999993 -0.499800045637634 -0.5
0.00669999999999993 -0.499801111691362 -0.5
0.00664999999999993 -0.499802185561299 -0.5
0.00659999999999993 -0.499803835352264 -0.5
0.00654999999999993 -0.49980497732422 -0.5
0.00649999999999993 -0.499806102378499 -0.5
0.00644999999999993 -0.499807237493371 -0.5
0.00639999999999993 -0.499814003481972 -0.5
0.00634999999999993 -0.499815195777289 -0.5
0.00629999999999993 -0.499816399473591 -0.5
0.00624999999999993 -0.499817615344869 -0.5
0.00619999999999993 -0.499818843924593 -0.5
0.00614999999999993 -0.499820085369595 -0.5
0.00609999999999993 -0.499821340363613 -0.5
0.00604999999999993 -0.499822609285616 -0.5
0.00599999999999993 -0.499823892943011 -0.5
0.00594999999999993 -0.499825191772463 -0.5
0.00589999999999993 -0.499826506322511 -0.5
0.00584999999999994 -0.499827837278981 -0.5
0.00579999999999994 -0.49982918523657 -0.5
0.00574999999999994 -0.499830550973536 -0.5
0.00569999999999994 -0.499831934918092 -0.5
0.00564999999999994 -0.499833338223828 -0.5
0.00559999999999994 -0.499834761450089 -0.5
0.00554999999999994 -0.499836205312246 -0.5
0.00549999999999994 -0.499837670776072 -0.5
0.00544999999999994 -0.499839158582415 -0.5
0.00539999999999994 -0.499840669747665 -0.5
0.00534999999999994 -0.499845112783049 -0.5
0.00529999999999994 -0.499846706613988 -0.5
0.00524999999999994 -0.499848325945117 -0.5
0.00519999999999994 -0.499849972370729 -0.5
0.00514999999999994 -0.499847027454691 -0.5
0.00509999999999994 -0.49984819803637 -0.5
0.00504999999999994 -0.499849376718083 -0.5
0.00499999999999994 -0.499850563347326 -0.5
0.00494999999999994 -0.499851758748961 -0.5
0.00489999999999994 -0.499852963042013 -0.5
0.00484999999999994 -0.499854176192287 -0.5
0.00479999999999994 -0.499855402638314 -0.5
0.00474999999999994 -0.499856635427975 -0.5
0.00469999999999994 -0.49985787820246 -0.5
0.00464999999999994 -0.499859131328533 -0.5
0.00459999999999994 -0.499860395177446 -0.5
0.00454999999999994 -0.499861670082218 -0.5
0.00449999999999994 -0.499862974894834 -0.5
0.00444999999999994 -0.499864275620375 -0.5
0.00439999999999994 -0.499865589116265 -0.5
0.00434999999999994 -0.499866870947507 -0.5
0.00429999999999994 -0.499868213606212 -0.5
0.00424999999999994 -0.499869571489448 -0.5
0.00419999999999995 -0.499870944042795 -0.5
0.00414999999999995 -0.499879634394501 -0.5
0.00409999999999995 -0.499888034941665 -0.5
0.00404999999999995 -0.499889255361152 -0.5
0.00399999999999995 -0.499884432078246 -0.5
0.00394999999999995 -0.499885256239126 -0.5
0.00389999999999995 -0.499886096199935 -0.5
0.00384999999999995 -0.499876165843095 -0.5
0.00379999999999995 -0.499877721673637 -0.5
0.00374999999999995 -0.499879255946321 -0.5
0.00369999999999995 -0.499880770276353 -0.5
0.00364999999999995 -0.499882268717511 -0.5
0.00359999999999995 -0.499883748858688 -0.5
0.00354999999999995 -0.499885213809104 -0.5
0.00349999999999995 -0.499886665247626 -0.5
0.00344999999999995 -0.499888104910623 -0.5
0.00339999999999995 -0.499889533544609 -0.5
0.00334999999999995 -0.499890952589998 -0.5
0.00329999999999994 -0.499892363490495 -0.5
0.00324999999999994 -0.499893767764881 -0.5
0.00319999999999994 -0.499895177429366 -0.5
0.00314999999999994 -0.49989657455387 -0.5
0.00309999999999994 -0.499897969465726 -0.5
0.00304999999999994 -0.499899363942327 -0.5
0.00299999999999994 -0.499900759623319 -0.5
0.00294999999999994 -0.499902156259689 -0.5
0.00289999999999994 -0.499903559605966 -0.5
0.00284999999999994 -0.499904971776713 -0.5
0.00279999999999994 -0.499906396269326 -0.5
0.00274999999999994 -0.499912117628449 -0.5
0.00269999999999994 -0.499914392994743 -0.5
0.00264999999999994 -0.49991275542816 -0.5
0.00259999999999994 -0.49991472849125 -0.5
0.00254999999999994 -0.499916723118353 -0.5
0.00249999999999994 -0.499918741759222 -0.5
0.00244999999999994 -0.499920768346702 -0.5
0.00239999999999994 -0.499923493450446 -0.5
0.00234999999999994 -0.499925686632284 -0.5
0.00229999999999994 -0.499928002788628 -0.5
0.00224999999999994 -0.499930346816556 -0.5
0.00219999999999994 -0.499933010374255 -0.5
0.00214999999999994 -0.499940921110272 -0.5
0.00209999999999994 -0.499942180721201 -0.5
0.00204999999999994 -0.499943795127872 -0.5
0.00199999999999994 -0.499945689015889 -0.5
0.00194999999999994 -0.499947809997452 -0.5
0.00189999999999994 -0.499946251318009 -0.5
0.00184999999999994 -0.49995074897075 -0.5
0.00179999999999994 -0.499952557202872 -0.5
0.00174999999999994 -0.4999543714086 -0.5
0.00169999999999994 -0.499956788092145 -0.5
0.00164999999999994 -0.499958751298862 -0.5
0.00159999999999994 -0.499964513962708 -0.5
0.00154999999999994 -0.499965396688713 -0.5
0.00149999999999994 -0.499966391340914 -0.5
0.00144999999999994 -0.499967480720748 -0.5
0.00139999999999994 -0.499968653895493 -0.5
0.00134999999999994 -0.499969901828547 -0.5
0.00129999999999994 -0.499971273173466 -0.5
0.00124999999999994 -0.499974537922386 -0.5
0.00119999999999994 -0.499975979992563 -0.5
0.00114999999999994 -0.499977497150955 -0.5
0.00109999999999994 -0.499979254914187 -0.5
0.00104999999999994 -0.499981032240019 -0.5
0.000999999999999943 -0.499981951132093 -0.5
0.000949999999999943 -0.499983476601213 -0.5
0.000899999999999943 -0.499988192276173 -0.5
0.000849999999999943 -0.499989752624032 -0.5
0.000799999999999943 -0.499990416371586 -0.5
0.000749999999999943 -0.499992603734308 -0.5
0.000699999999999943 -0.499995113010055 -0.5
0.000649999999999943 -0.499998085118293 -0.5
0.000599999999999943 -0.499999809138992 -0.5
0.000549999999999943 -0.500003422271089 -0.5
0.000499999999999943 -0.500008395551039 -0.5
0.000449999999999943 -0.500010249382979 -0.5
0.000399999999999943 -0.500011304250467 -0.5
0.000349999999999943 -0.500012688289858 -0.5
0.000299999999999943 -0.500014639373991 -0.5
0.000249999999999943 -0.500018693519497 -0.5
0.000199999999999943 -0.500021584721327 -0.5
0.000149999999999943 -0.500023502028736 -0.5
9.99999999999429E-05 -0.500026990162866 -0.5
4.99999999999429E-05 -0.500029249212806 -0.5


0.02 -0.499877772450692 -0.5
0.01995 -0.499877896660279 -0.5
0.0199 -0.499878019116764 -0.5
0.01985 -0.499877820304905 -0.5
0.0198 -0.499878081734791 -0.5
0.01975 -0.499878341331338 -0.5
0.0197 -0.499878599316165 -0.5
0.01965 -0.499878855528327 -0.5
0.0196 -0.49987911023737 -0.5
0.01955 -0.499879363373536 -0.5
0.0195 -0.499879615092776 -0.5
0.01945 -0.499879865399033 -0.5
0.0194 -0.499880114404704 -0.5
0.01935 -0.499880362003869 -0.5
0.0193 -0.49988060847469 -0.5
0.01925 -0.499880853754254 -0.5
0.0192 -0.499881097671587 -0.5
0.01915 -0.499881340692096 -0.5
0.0191 -0.499881582649576 -0.5
0.01905 -0.499881823517286 -0.5
0.019 -0.499882063468774 -0.5
0.01895 -0.499882302478619 -0.5
0.0189 -0.499882540608548 -0.5
0.01885 -0.499882777804869 -0.5
0.0188 -0.499883014234215 -0.5
0.01875 -0.499883249857365 -0.5
0.0187 -0.499883484736732 -0.5
0.01865 -0.499883718930944 -0.5
0.0186 -0.499883952438969 -0.5
0.01855 -0.499884185203151 -0.5
0.0185 -0.499884417421508 -0.5
0.01845 -0.49988464904479 -0.5
0.0184 -0.499885685846879 -0.5
0.01835 -0.499885987180513 -0.5
0.0183 -0.499886288534503 -0.5
0.01825 -0.499886589661849 -0.5
0.0181999999999999 -0.499886890719651 -0.5
0.0181499999999999 -0.499887191549187 -0.5
0.0180999999999999 -0.49988749238122 -0.5
0.0180499999999999 -0.499897807812966 -0.5
0.0179999999999999 -0.49989815782845 -0.5
0.0179499999999999 -0.499901498861544 -0.5
0.0178999999999999 -0.499901487383641 -0.5
0.0178499999999999 -0.499901504558449 -0.5
0.0177999999999999 -0.499901546655644 -0.5
0.0177499999999999 -0.499901610566794 -0.5
0.0176999999999999 -0.499901693812025 -0.5
0.0176499999999999 -0.499901794558608 -0.5
0.0175999999999999 -0.499901910858125 -0.5
0.0175499999999999 -0.499886878519403 -0.5
0.0174999999999999 -0.499887023634583 -0.5
0.0174499999999999 -0.499887178335259 -0.5
0.0173999999999999 -0.49988734160937 -0.5
0.0173499999999999 -0.499887512265378 -0.5
0.0172999999999999 -0.499887689570558 -0.5
0.0172499999999999 -0.499887872397471 -0.5
0.0171999999999999 -0.49988806043079 -0.5
0.0171499999999999 -0.499888252938117 -0.5
0.0170999999999999 -0.499888449339492 -0.5
0.0170499999999999 -0.499888649256972 -0.5
0.0169999999999999 -0.499888852065102 -0.5
0.0169499999999999 -0.49988905778978 -0.5
0.0168999999999999 -0.499889265746391 -0.5
0.0168499999999999 -0.499889475826897 -0.5
0.0167999999999999 -0.499889687718124 -0.5
0.0167499999999999 -0.499889901281326 -0.5
0.0166999999999999 -0.499890384851373 -0.5
0.0166499999999999 -0.499891555934452 -0.5
0.0165999999999999 -0.4998918956444 -0.5
0.0165499999999999 -0.499892234385095 -0.5
0.0164999999999999 -0.499892572307817 -0.5
0.0164499999999999 -0.499892909249918 -0.5
0.0163999999999999 -0.49989324529021 -0.5
0.0163499999999999 -0.499893580487403 -0.5
0.0162999999999999 -0.499893914922139 -0.5
0.0162499999999999 -0.499894248191133 -0.5
0.0161999999999999 -0.499894580709538 -0.5
0.0161499999999999 -0.499894912310042 -0.5
0.0160999999999999 -0.499895243094298 -0.5
0.0160499999999999 -0.499895572840983 -0.5
0.0159999999999999 -0.49989590181704 -0.5
0.0159499999999999 -0.499896229893089 -0.5
0.0158999999999999 -0.499896557093467 -0.5
0.0158499999999999 -0.499896883472005 -0.5
0.0157999999999999 -0.499897209118376 -0.5
0.0157499999999999 -0.49989753367502 -0.5
0.0156999999999999 -0.499897920578068 -0.5
0.0156499999999999 -0.49989834597629 -0.5
0.0155999999999999 -0.499898769787942 -0.5
0.0155499999999999 -0.49989919190016 -0.5
0.0154999999999999 -0.499899612722235 -0.5
0.0154499999999999 -0.499900032148395 -0.5
0.0153999999999999 -0.499900450288376 -0.5
0.0153499999999999 -0.499900867042916 -0.5
0.0152999999999999 -0.499901282320291 -0.5
0.0152499999999999 -0.499901696458821 -0.5
0.0151999999999999 -0.499902109158438 -0.5
0.0151499999999999 -0.499903071138345 -0.5
0.0150999999999999 -0.499903291302712 -0.5
0.0150499999999999 -0.499903510057005 -0.5
0.0149999999999999 -0.499903727371537 -0.5
0.0149499999999999 -0.499903943086304 -0.5
0.0148999999999999 -0.499904157628412 -0.5
0.0148499999999999 -0.49990437051972 -0.5
0.0147999999999999 -0.499904582046484 -0.5
0.0147499999999999 -0.499904792208152 -0.5
0.0146999999999999 -0.499905000921349 -0.5
0.0146499999999999 -0.499905208409376 -0.5
0.0145999999999999 -0.499905414469253 -0.5
0.0145499999999999 -0.499905619141898 -0.5
0.0144999999999999 -0.499905822541234 -0.5
0.0144499999999999 -0.499906024643587 -0.5
0.0143999999999999 -0.499906225322412 -0.5
0.0143499999999999 -0.499906424618308 -0.5
0.0142999999999999 -0.499906622888476 -0.5
0.0142499999999999 -0.499906819637927 -0.5
0.0141999999999999 -0.499907015151942 -0.5
0.0141499999999999 -0.499907209423686 -0.5
0.0140999999999999 -0.49990740240628 -0.5
0.0140499999999999 -0.499907594003433 -0.5
0.0139999999999999 -0.499907784464549 -0.5
0.0139499999999999 -0.499903831299973 -0.5
0.0138999999999999 -0.499904031587402 -0.5
0.0138499999999999 -0.499904231144516 -0.5
0.0137999999999999 -0.499904429607467 -0.5
0.0137499999999999 -0.499904627280408 -0.5
0.0136999999999999 -0.499904823944656 -0.5
0.0136499999999999 -0.499905019774995 -0.5
0.0135999999999999 -0.499913789139165 -0.5
0.0135499999999999 -0.499914072856947 -0.5
0.0134999999999999 -0.499914354761876 -0.5
0.0134499999999999 -0.499914635036359 -0.5
0.0133999999999999 -0.499914913486208 -0.5
0.0133499999999999 -0.499915190091053 -0.5
0.0132999999999999 -0.499915464907667 -0.5
0.0132499999999999 -0.499915737894598 -0.5
0.0131999999999999 -0.499916009101044 -0.5
0.0131499999999999 -0.499917111928495 -0.5
0.0130999999999999 -0.499917403194112 -0.5
0.0130499999999999 -0.499917692024313 -0.5
0.0129999999999999 -0.499917978329309 -0.5
0.0129499999999999 -0.499918262376574 -0.5
0.0128999999999999 -0.499918543590873 -0.5
0.0128499999999999 -0.499918822733672 -0.5
0.0127999999999999 -0.499919098880967 -0.5
0.0127499999999999 -0.499919372450614 -0.5
0.0126999999999999 -0.499919643682626 -0.5
0.0126499999999999 -0.499919911921907 -0.5
0.0125999999999999 -0.499920177651721 -0.5
0.0125499999999999 -0.499920440763316 -0.5
0.0124999999999999 -0.499920700835786 -0.5
0.0124499999999999 -0.499920958383297 -0.5
0.0123999999999999 -0.499921212952721 -0.5
0.0123499999999999 -0.499921464822101 -0.5
0.0122999999999999 -0.499921713682914 -0.5
0.0122499999999999 -0.499921959563474 -0.5
0.0121999999999999 -0.499921831179997 -0.5
0.0121499999999999 -0.499922296480112 -0.5
0.0120999999999999 -0.499922758841603 -0.5
0.0120499999999999 -0.499923218282509 -0.5
0.0119999999999999 -0.499923674987681 -0.5
0.0119499999999999 -0.499924128624625 -0.5
0.0118999999999999 -0.499924579109825 -0.5
0.0118499999999999 -0.499925026766043 -0.5
0.0117999999999999 -0.499925471604012 -0.5
0.0117499999999999 -0.499925802622376 -0.5
0.0116999999999999 -0.499926231366959 -0.5
0.0116499999999999 -0.499921624836859 -0.5
0.0115999999999999 -0.49992204334793 -0.5
0.0115499999999999 -0.499922458944309 -0.5
0.0114999999999999 -0.499922871736909 -0.5
0.0114499999999999 -0.499923281480465 -0.5
0.0113999999999999 -0.49992368812653 -0.5
0.0113499999999999 -0.499924091975593 -0.5
0.0112999999999999 -0.499924492776337 -0.5
0.0112499999999999 -0.499930763005624 -0.5
0.0111999999999999 -0.499931276617379 -0.5
0.0111499999999999 -0.499931786283902 -0.5
0.0110999999999999 -0.499932292483731 -0.5
0.0110499999999999 -0.499932794857087 -0.5
0.0109999999999999 -0.499914844501986 -0.5
0.0109499999999999 -0.499915475236839 -0.5
0.0108999999999999 -0.499916101511639 -0.5
0.0108499999999999 -0.499916722944919 -0.5
0.0107999999999999 -0.499917339928592 -0.5
0.0107499999999999 -0.49991795194587 -0.5
0.0106999999999999 -0.499918559167065 -0.5
0.0106499999999999 -0.499919161301862 -0.5
0.0105999999999999 -0.499918907949665 -0.5
0.0105499999999999 -0.499919567576731 -0.5
0.0104999999999999 -0.499920223714924 -0.5
0.0104499999999999 -0.499920875865827 -0.5
0.0103999999999999 -0.499921524614025 -0.5
0.0103499999999999 -0.499922169110041 -0.5
0.0102999999999999 -0.499922809641795 -0.5
0.0102499999999999 -0.499923446112066 -0.5
0.0101999999999999 -0.499924078231713 -0.5
0.0101499999999999 -0.499924706270998 -0.5
0.0100999999999999 -0.499925329726842 -0.5
0.0100499999999999 -0.499925948852035 -0.5
0.00999999999999991 -0.499928813948894 -0.5
0.00994999999999991 -0.49992959090288 -0.5
0.00989999999999991 -0.499930365559909 -0.5
0.00984999999999991 -0.499931137554932 -0.5
0.00979999999999991 -0.499931906989037 -0.5
0.00974999999999991 -0.499932673438293 -0.5
0.00969999999999991 -0.499933436863362 -0.5
0.00964999999999991 -0.499934197115131 -0.5
0.00959999999999991 -0.49993495392241 -0.5
0.00954999999999991 -0.499935707376671 -0.5
0.00949999999999991 -0.499936457096387 -0.5
0.00944999999999991 -0.499937203143485 -0.5
0.00939999999999991 -0.499938856650598 -0.5
0.00934999999999991 -0.499939525047682 -0.5
0.00929999999999991 -0.499940188348904 -0.5
0.00924999999999991 -0.499940846667052 -0.5
0.00919999999999991 -0.499941499412155 -0.5
0.00914999999999992 -0.499942146770742 -0.5
0.00909999999999992 -0.499942788529996 -0.5
0.00904999999999992 -0.499943424439792 -0.5
0.00899999999999992 -0.49994405435755 -0.5
0.00894999999999992 -0.499944678377217 -0.5
0.00889999999999992 -0.499945296043905 -0.5
0.00884999999999992 -0.499945907604504 -0.5
0.00879999999999992 -0.499946512374659 -0.5
0.00874999999999992 -0.499947110706101 -0.5
0.00869999999999992 -0.49993382680721 -0.5
0.00864999999999992 -0.499934361830096 -0.5
0.00859999999999992 -0.499934890843839 -0.5
0.00854999999999992 -0.499935412804995 -0.5
0.00849999999999992 -0.499935928076846 -0.5
0.00844999999999992 -0.4999364370101 -0.5
0.00839999999999992 -0.499936938844818 -0.5
0.00834999999999992 -0.49993743423819 -0.5
0.00829999999999992 -0.499937922735595 -0.5
0.00824999999999992 -0.499937964122351 -0.5
0.00819999999999992 -0.499938512336688 -0.5
0.00814999999999992 -0.499939055077343 -0.5
0.00809999999999992 -0.499941421619952 -0.5
0.00804999999999992 -0.499942016337541 -0.5
0.00799999999999992 -0.499942603921761 -0.5
0.00794999999999992 -0.499943184989013 -0.5
0.00789999999999992 -0.499943759264422 -0.5
0.00784999999999992 -0.49994432722154 -0.5
0.00779999999999992 -0.499944889143856 -0.5
0.00774999999999992 -0.499945444986231 -0.5
0.00769999999999992 -0.499945995083937 -0.5
0.00764999999999992 -0.49994653937833 -0.5
0.00759999999999992 -0.499946831561795 -0.5
0.00754999999999992 -0.499947371181074 -0.5
0.00749999999999993 -0.499947906083712 -0.5
0.00744999999999993 -0.499948436175148 -0.5
0.00739999999999993 -0.499948961976703 -0.5
0.00734999999999993 -0.499949483414611 -0.5
0.00729999999999993 -0.499950000737843 -0.5
0.00724999999999993 -0.499950514092367 -0.5
0.00719999999999993 -0.499951023664232 -0.5
0.00714999999999993 -0.499951529453378 -0.5
0.00709999999999993 -0.499952756492777 -0.5
0.00704999999999993 -0.499953240024899 -0.5
0.00699999999999993 -0.499953720121193 -0.5
0.00694999999999993 -0.499954196364709 -0.5
0.00689999999999993 -0.499954669099587 -0.5
0.00684999999999993 -0.499955138462322 -0.5
0.00679999999999993 -0.499955604256647 -0.5
0.00674999999999993 -0.499956066428488 -0.5
0.00669999999999993 -0.499956525108575 -0.5
0.00664999999999993 -0.499956980312518 -0.5
0.00659999999999993 -0.499957431828855 -0.5
0.00654999999999993 -0.49995788006737 -0.5
0.00649999999999993 -0.499958324282514 -0.5
0.00644999999999993 -0.499958764889212 -0.5
0.00639999999999993 -0.499959201710256 -0.5
0.00634999999999993 -0.499959634543031 -0.5
0.00629999999999993 -0.499960063255244 -0.5
0.00624999999999993 -0.499960488015491 -0.5
0.00619999999999993 -0.499960908475828 -0.5
0.00614999999999993 -0.499961324437882 -0.5
0.00609999999999993 -0.499961735953248 -0.5
0.00604999999999993 -0.499962142804088 -0.5
0.00599999999999993 -0.499962544845384 -0.5
0.00594999999999993 -0.499962963861266 -0.5
0.00589999999999993 -0.499963281674119 -0.5
0.00584999999999994 -0.499961955242575 -0.5
0.00579999999999994 -0.499962171427186 -0.5
0.00574999999999994 -0.499962379028273 -0.5
0.00569999999999994 -0.499962578087531 -0.5
0.00564999999999994 -0.499962397101222 -0.5
0.00559999999999994 -0.499962540862112 -0.5
0.00554999999999994 -0.499962673994134 -0.5
0.00549999999999994 -0.499962796296703 -0.5
0.00544999999999994 -0.499963131568958 -0.5
0.00539999999999994 -0.499963594405603 -0.5
0.00534999999999994 -0.499964267719302 -0.5
0.00529999999999994 -0.499964697451654 -0.5
0.00524999999999994 -0.499965115622175 -0.5
0.00519999999999994 -0.499965530238275 -0.5
0.00514999999999994 -0.499965919742821 -0.5
0.00509999999999994 -0.499966297354639 -0.5
0.00504999999999994 -0.499966696015084 -0.5
0.00499999999999994 -0.499967051260055 -0.5
0.00494999999999994 -0.499969459351607 -0.5
0.00489999999999994 -0.499970079358573 -0.5
0.00484999999999994 -0.499970401010884 -0.5
0.00479999999999994 -0.499969767179193 -0.5
0.00474999999999994 -0.499970081806822 -0.5
0.00469999999999994 -0.49997037108482 -0.5
0.00464999999999994 -0.499970482790849 -0.5
0.00459999999999994 -0.499972636854793 -0.5
0.00454999999999994 -0.499973056604975 -0.5
0.00449999999999994 -0.49997347192182 -0.5
0.00444999999999994 -0.499973882917851 -0.5
0.00439999999999994 -0.499974486976329 -0.5
0.00434999999999994 -0.499975240508079 -0.5
0.00429999999999994 -0.499975570832253 -0.5
0.00424999999999994 -0.499975895910228 -0.5
0.00419999999999995 -0.499978517256899 -0.5
0.00414999999999995 -0.499978771227904 -0.5
0.00409999999999995 -0.499979138510328 -0.5
0.00404999999999995 -0.499979500110451 -0.5
0.00399999999999995 -0.499979241328082 -0.5
0.00394999999999995 -0.49997960720297 -0.5
0.00389999999999995 -0.49997996413684 -0.5
0.00384999999999995 -0.499980311621449 -0.5
0.00379999999999995 -0.499980648110033 -0.5
0.00374999999999995 -0.499981031903291 -0.5
0.00369999999999995 -0.499981280729535 -0.5
0.00364999999999995 -0.499981513399809 -0.5
0.00359999999999995 -0.499985381023672 -0.5
0.00354999999999995 -0.499985568819569 -0.5
0.00349999999999995 -0.49998573731121 -0.5
0.00344999999999995 -0.499985885494775 -0.5
0.00339999999999995 -0.499986012721474 -0.5
0.00334999999999995 -0.499986117017442 -0.5
0.00329999999999994 -0.499986197641868 -0.5
0.00324999999999994 -0.499988077749864 -0.5
0.00319999999999994 -0.49998831238786 -0.5
0.00314999999999994 -0.499988535871754 -0.5
0.00309999999999994 -0.499988667980728 -0.5
0.00304999999999994 -0.499988864132283 -0.5
0.00299999999999994 -0.499989053871381 -0.5
0.00294999999999994 -0.49998923340565 -0.5
0.00289999999999994 -0.499989767119224 -0.5
0.00284999999999994 -0.49998976050424 -0.5
0.00279999999999994 -0.499991084436458 -0.5
0.00274999999999994 -0.499991340385369 -0.5
0.00269999999999994 -0.499991599069063 -0.5
0.00264999999999994 -0.499991843841219 -0.5
0.00259999999999994 -0.499993518838353 -0.5
0.00254999999999994 -0.499994042027892 -0.5
0.00249999999999994 -0.499994267341097 -0.5
0.00244999999999994 -0.499994472703627 -0.5
0.00239999999999994 -0.499994654275067 -0.5
0.00234999999999994 -0.499994903741218 -0.5
0.00229999999999994 -0.499995017151247 -0.5
0.00224999999999994 -0.499996191505041 -0.5
0.00219999999999994 -0.499996441014371 -0.5
0.00214999999999994 -0.49999667265516 -0.5
0.00209999999999994 -0.499996884930591 -0.5
0.00204999999999994 -0.499998444011611 -0.5
0.00199999999999994 -0.499998664162184 -0.5
0.00194999999999994 -0.499998778976455 -0.5
0.00189999999999994 -0.499998815949335 -0.5
0.00184999999999994 -0.499999634015139 -0.5
0.00179999999999994 -0.499999749520625 -0.5
0.00174999999999994 -0.499999830620697 -0.5
0.00169999999999994 -0.49999984068875 -0.5
0.00164999999999994 -0.499999929375369 -0.5
0.00159999999999994 -0.500000016258507 -0.5
0.00154999999999994 -0.500000805491033 -0.5
0.00149999999999994 -0.500000966674216 -0.5
0.00144999999999994 -0.500001785774872 -0.5
0.00139999999999994 -0.500001982368548 -0.5
0.00134999999999994 -0.50000215008434 -0.5
0.00129999999999994 -0.500002573156776 -0.5
0.00124999999999994 -0.500002628129492 -0.5
0.00119999999999994 -0.50000385035435 -0.5
0.00114999999999994 -0.500003925454385 -0.5
0.00109999999999994 -0.500004873653268 -0.5
0.00104999999999994 -0.500005435804411 -0.5
0.000999999999999943 -0.500005637357319 -0.5
0.000949999999999943 -0.500005607210849 -0.5
0.000899999999999943 -0.500005477374871 -0.5
0.000849999999999943 -0.500007235743419 -0.5
0.000799999999999943 -0.500007260129641 -0.5
0.000749999999999943 -0.500007690532727 -0.5
0.000699999999999943 -0.500007604041177 -0.5
0.000649999999999943 -0.500007925470498 -0.5
0.000599999999999943 -0.500008148819691 -0.5
0.000549999999999943 -0.500008141484747 -0.5
0.000499999999999943 -0.500008203617557 -0.5
0.000449999999999943 -0.500008365376922 -0.5
0.000399999999999943 -0.500008337987829 -0.5
0.000349999999999943 -0.500008293996382 -0.5
0.000299999999999943 -0.50000826186554 -0.5
0.000249999999999943 -0.500008233218621 -0.5
0.000199999999999943 -0.500008292284323 -0.5
0.000149999999999943 -0.500008340150566 -0.5
9.99999999999429E-05 -0.500008357380913 -0.5
4.99999999999429E-05 -0.500008389719798 -0.5
