0 0 0
0.015625 0.015382756978479 0.0153827568282095
0.03125 0.0302885390909375 0.0302885385773858
0.046875 0.0447284388130991 0.0447284374673057
0.0625 0.0587133192912392 0.0587133164258422
0.078125 0.0722538188365594 0.072253813532516
0.09375 0.0853603552055983 0.0853603463793782
0.109375 0.098043129995208 0.0980431163507196
0.125 0.11031213276786 0.110312112823074
0.140625 0.122177145190937 0.122177117286962
0.15625 0.133647745074566 0.133647707391785
0.171875 0.144733310353782 0.144733260915269
0.1875 0.155443023006421 0.155442959658825
0.203125 0.165785872823706 0.165785793270163
0.21875 0.175770661186196 0.175770562994482
0.234375 0.185406004735823 0.185405885355538
0.25 0.194700339010341 0.194700195767851
0.265625 0.203661922020844 0.203661752081312
0.28125 0.212298837624588 0.212298638059408
0.296875 0.220618998974689 0.220618766792288
0.3125 0.228630152016564 0.228629884045826
0.328125 0.236339878547515 0.236339571547879
0.34375 0.243755599519743 0.243755250212856
0.359375 0.250884578378005 0.250884183305733
0.375 0.257733923847739 0.257733479546615
0.390625 0.264310593278566 0.264310096156925
0.40625 0.270621395449428 0.270620841848292
0.421875 0.27667299350759 0.276672379755165
0.4375 0.282471908000793 0.282471230312203
0.453125 0.288024519535806 0.28802377407743
0.46875 0.293337071672508 0.293336254502152
0.484375 0.298415673438241 0.29841478064861
0.5 0.303266302304325 0.303265329856317
0.515625 0.307894806470388 0.307893750358027
0.53125 0.312306907748988 0.312305763846247
0.546875 0.316508203771034 0.316506967991202
0.5625 0.320504170773777 0.320502838911144
0.578125 0.324300165691853 0.324298733595866
0.59375 0.327901428891159 0.327899892284293
0.609375 0.331313086115756 0.331311440796985
0.625 0.334540151194054 0.334538392824369
0.640625 0.337587527834257 0.337585652171535
0.65625 0.34046001228502 0.340458014960365
0.671875 0.34316229509173 0.343160171789804
0.6875 0.345698963490299 0.345696709855022
0.703125 0.348074503399987 0.348072115026233
0.71875 0.350293301338005 0.350290773887914
0.734375 0.352359646722092 0.352356975739138
0.75 0.354277733408939 0.354274914555761
0.765625 0.35605166207416 0.356048690915137
0.78125 0.357685441784621 0.357682313884074
0.796875 0.359182991889955 0.359179702870695
0.8125 0.360548144066898 0.360544689440877
0.828125 0.361784643685025 0.361781019099915
0.84375 0.362896152021193 0.362892353040053
0.859375 0.363886247700826 0.363882269854523
0.875 0.364758428287492 0.364754267218695
0.890625 0.36551611227452 0.365511763538954
0.90625 0.3661626404018 0.366158099569904
0.921875 0.366701277287919 0.36669654000047
0.9375 0.367135213193785 0.367130275009499
0.953125 0.367467565256002 0.367462421791395
0.96875 0.367701379149989 0.367696026052368
0.984375 0.367839630632534 0.367834063477824
1 0.367885226729764 0.367879441171442
1.015625 0.367841007359608 0.367834999066464
1.03125 0.367709746729833 0.367703511309695
1.046875 0.36749415449259 0.367487687618754
1.0625 0.367196877233298 0.367190174613035
1.078125 0.366820499834719 0.366813557118897
1.09375 0.366367546581919 0.366360359449541
1.109375 0.365840482450665 0.365833046660067
1.125 0.365241714527933 0.365234025778143
1.140625 0.364573593038676 0.364565647010775
1.15625 0.363838412419894 0.363830204927593
1.171875 0.363038412831411 0.363029939621111
1.1875 0.362175781069459 0.362167037844383
1.203125 0.361252651526844 0.361243634126474
1.21875 0.360271107639221 0.360261811866171
1.234375 0.359233182773957 0.359223604404324
1.25 0.358140861261998 0.358130996075238
1.265625 0.356996079347864 0.356985923237485
1.28125 0.355800726487333 0.355790275284543
1.296875 0.354556646132989 0.354545895635621
1.3125 0.353265636609384 0.353254582707054
1.328125 0.351929452267721 0.351918090864628
1.34375 0.350549804392511 0.350538131357195
1.359375 0.349128362079087 0.349116373231922
1.375 0.347666752899156 0.347654444231526
1.390625 0.346166564251016 0.34615393167384
1.40625 0.344629343897645 0.344616383314021
1.421875 0.34305660091476 0.343043308189747
1.4375 0.341449806292047 0.341436177449721
1.453125 0.339810394181062 0.339796425165779
1.46875 0.338139762381836 0.338125449128937
1.484375 0.336439273228798 0.336424611629657
1.5 0.334710254113188 0.334695240222645
1.515625 0.332953998687915 0.332938628476466
1.53125 0.331171767277421 0.331156036708265
1.546875 0.329364787708833 0.329348692703875
1.5625 0.327534255828615 0.32751779242359
1.578125 0.325681336488433 0.325664500693871
1.59375 0.323807164086536 0.323789951885254
1.609375 0.321912843229905 0.321895250576726
1.625 0.319999449335179 0.319981472206815
1.640625 0.31806802925995 0.318049663711656
1.65625 0.31611960212812 0.316100844150274
1.671875 0.314155159750834 0.314136005317331
1.6875 0.312175667307737 0.312156112343576
1.703125 0.31018206371303 0.310162104284226
1.71875 0.308175262597662 0.308154894695516
1.734375 0.306156152601244 0.306135372199636
1.75 0.304125597992505 0.304104401038279
1.765625 0.302084439196212 0.302062821615027
1.78125 0.300033493194795 0.300011451026766
1.796875 0.297973554385416 0.297951083584363
1.8125 0.295905394818503 0.2958824913228
1.828125 0.293829764786248 0.293806424500956
1.84375 0.29174739326731 0.291723612091263
1.859375 0.289658988341184 0.289634762259401
1.875 0.287565237918812 0.287540562834241
1.890625 0.285466809971972 0.285441681768214
1.90625 0.283364353062556 0.283338767588296
1.921875 0.281258496755984 0.281232449837789
1.9375 0.279149851951108 0.279123339509066
1.953125 0.277039011603699 0.277012029467466
1.96875 0.274926550889264 0.274899094866504
1.984375 0.272813027689745 0.272785093554562
2 0.270698983002524 0.270670566473225
2.015625 0.268584941139099 0.268556038047432
2.03125 0.266471410484966 0.266442016567582
2.046875 0.264358883599205 0.264328994563777
2.0625 0.262247837649947 0.262217449172323
2.078125 0.26013873478497 0.260107842494669
2.09375 0.258032022424334 0.258000621948903
2.109375 0.255928133611028 0.255896220613978
2.125 0.253827487504297 0.253795057566779
2.140625 0.25173048954097 0.251697538212195
2.15625 0.249637531816988 0.249604054606318
2.171875 0.247548993410395 0.247514985772907
2.1875 0.245465240592996 0.245430698013252
2.203125 0.243386627273657 0.243351545209553
2.21875 0.241313495278365 0.241277869121959
2.234375 0.239246174574336 0.239209999679381
2.25 0.237184983589103 0.237148255264195
2.265625 0.235130229494262 0.235092942990966
2.28125 0.233082208396066 0.233044358979306
2.296875 0.231041205717623 0.231002788620975
2.3125 0.229007496454538 0.228968506841348
2.328125 0.2269813453657 0.226941778355349
2.34375 0.224963007254802 0.224922857917965
2.359375 0.222952727218836 0.222911990569452
2.375 0.220950740858995 0.220909411875326
2.390625 0.218957274497517 0.218915348161246
2.40625 0.216972545538888 0.216930016742902
2.421875 0.214996762563658 0.214953626150981
2.4375 0.213030125590144 0.212986376351337
2.453125 0.2110728262915 0.211028458960434
2.46875 0.209125048208905 0.209080057456177
2.484375 0.207186966902871 0.207141347384204
2.5 0.205258750258703 0.205212496559747
2.515625 0.203340558622492 0.203293665265131
2.53125 0.201432544994992 0.201385006443014
2.546875 0.199534855227945 0.199486665885443
2.5625 0.197647628209552 0.197598782418812
2.578125 0.19577099604372 0.195721488084805
2.59375 0.193905084220158 0.193854908317401
2.609375 0.192050011808346 0.191999162116024
2.625 0.190205891608079 0.19015436221491
2.640625 0.188372830320303 0.188320615248767
2.65625 0.186550928708674 0.186498021914812
2.671875 0.184740281757583 0.18468667713124
2.6875 0.182940978841374 0.182886670192215
2.703125 0.181153103863069 0.181098084919437
2.71875 0.179376735383795 0.179320999810369
2.734375 0.177611946796408 0.177555488183174
2.75 0.175858806456051 0.175801618318446
2.765625 0.174117377817558 0.174059453597785
2.78125 0.172387719569556 0.172329052639292
2.796875 0.170669885805809 0.170610469430035
2.8125 0.168963926109549 0.168903753455554
2.828125 0.167269885652693 0.167208949826465
2.84375 0.165587805379237 0.16552609940222
2.859375 0.16391772210229 0.163855238912081
2.875 0.162259668620583 0.16219640107336
2.890625 0.160613673831909 0.160549614706996
2.90625 0.158979762880996 0.158914904850502
2.921875 0.157357957289986 0.157292292868354
2.9375 0.155748274898706 0.155681796559858
2.953125 0.154150730142228 0.154083430264567
2.96875 0.152565334098226 0.152497204965276
2.984375 0.15099209458558 0.150923128388658
3 0.149431016260094 0.149361205103592
3.015625 0.147882100705372 0.147811436617212
3.03125 0.146345346683886 0.146273821468754
3.046875 0.144820749933119 0.144748355321211
3.0625 0.143308303403224 0.143235031050874
3.078125 0.141807997378785 0.141733838834781
3.09375 0.14031981952835 0.140244766236123
3.109375 0.13884375498491 0.138767798287656
3.125 0.137379786423715 0.137302917573148
3.140625 0.135927894137557 0.135850104306918
3.15625 0.134488056393011 0.134409336411486
3.171875 0.133060248903418 0.132980589593396
3.1875 0.131644445327002 0.13156383741723
3.203125 0.130240617279935 0.130159051377865
3.21875 0.12884873437634 0.128766200971002
3.234375 0.127468764293689 0.127385253762007
3.25 0.126100672835753 0.126016175453097
3.265625 0.12474442399319 0.124658929948904
3.28125 0.123399980170989 0.123313479420462
3.296875 0.122067302221102 0.121979784367633
3.3125 0.120746348954656 0.120657803680019
3.328125 0.119437077848546 0.119347494696386
3.34375 0.118139444884994 0.118048813262631
3.359375 0.116853404604658 0.116761713788327
3.375 0.11557891015736 0.115486149301873
3.390625 0.11431591335055 0.114222071504276
3.40625 0.113064364695707 0.112969430821601
3.421875 0.111824214000408 0.111728176456112
3.4375 0.110595409146112 0.110498256436136
3.453125 0.109377897191978 0.109279617664671
3.46875 0.108171624119425 0.108072205966771
3.484375 0.106976534876124 0.106875966135734
3.5 0.105792573417664 0.105690841978115
3.515625 0.104619682746805 0.104516776357589
3.53125 0.103457804952795 0.103353711237699
3.546875 0.102306881526493 0.102201587723495
3.5625 0.101166852870066 0.101060346102103
3.578125 0.100037658604686 0.099929925882247
3.59375 0.0989192376753351 0.0988102658327333
3.609375 0.0978115283512203 0.0977013040199349
3.625 0.0967144681916361 0.0966029778442886
3.640625 0.0956279941082414 0.095515224075831
3.65625 0.0945520424201918 0.0944379788887912
3.671875 0.0934865491582542 0.0933711778952633
3.6875 0.0924314494960909 0.092314756177978
3.703125 0.091386678180591 0.0912686483221926
3.71875 0.0903521695269212 0.0902327884467198
3.734375 0.0893278574124161 0.0892071102341141
3.75 0.0883136753027608 0.0881915469600341
3.765625 0.0873095562766043 0.0871860315217994
3.78125 0.0863154330856367 0.0861904964661592
3.796875 0.0853312383670094 0.0852048740162918
3.8125 0.0843569041172408 0.0842290960980506
3.828125 0.0833923622084491 0.083263094365474
3.84375 0.0824375442666286 0.0823068002255761
3.859375 0.0814923816936348 0.0813601448624338
3.875 0.0805568056877646 0.0804230592605865
3.890625 0.0796307472630457 0.0794954742277638
3.90625 0.0787141373392612 0.0785773204169566
3.921875 0.0778069068007043 0.0776685283478458
3.9375 0.0769089861855891 0.0767690284276046
3.953125 0.0760203060518848 0.0758787509710871
3.96875 0.0751407968861571 0.0749976262204182
3.984375 0.0742703891206904 0.0741255843639984
4 0.0734090131494966 0.0732625555549367
4.015625 0.0725565993431631 0.0724084699289247
4.03125 0.0717130781374116 0.0715632576215651
4.046875 0.0708783800515353 0.0707268487851671
4.0625 0.0700524354438978 0.0698991736050213
4.078125 0.0692351748194177 0.069080162315165
4.09375 0.068426528749004 0.0682697452136522
4.109375 0.0676264278824792 0.0674678526773371
4.125 0.0668348029606904 0.0666744151761842
4.140625 0.0660515848531125 0.0658893632871165
4.15625 0.0652767045815983 0.0651126277074107
4.171875 0.0645100933389395 0.0643441392676521
4.1875 0.0637516823154336 0.0635838289442589
4.203125 0.0630014029471224 0.0628316278715857
4.21875 0.0622591868412633 0.062087467353617
4.234375 0.0615249657854015 0.0613512788752601
4.25 0.0607986717554181 0.0606229941132468
4.265625 0.0600802369225558 0.0599025449466542
4.28125 0.0593695938400868 0.0591898634670522
4.296875 0.0586666750978565 0.0584848819882887
4.3125 0.0579714135454668 0.0577875330559198
4.328125 0.0572837423048887 0.0570977494562943
4.34375 0.0566035947494226 0.0564154642253007
4.359375 0.0559309045100549 0.0557406106567852
4.375 0.0552656054809135 0.0550731223106487
4.390625 0.0546076318302497 0.054412933020631
4.40625 0.0539569182005237 0.053759976901789
4.421875 0.0533133992479866 0.0531141883576777
4.4375 0.0526770100416311 0.0524755020872412
4.453125 0.0520476859561598 0.05184385309142
4.46875 0.0514253626769822 0.0512191766794827
4.484375 0.0508099762044092 0.0506014084750889
4.5 0.0502014628571181 0.0499904844220904
4.515625 0.0495997592898985 0.0493863407900756
4.53125 0.0490048026504412 0.0487889141796665
4.546875 0.0484165301801341 0.0481981415275728
4.5625 0.0478348795687643 0.0476139601114087
4.578125 0.0472597888560307 0.047036307554281
4.59375 0.046691196434755 0.0464651218291522
4.609375 0.0461290410533927 0.0459003412629852
4.625 0.0455732618179799 0.045341904540676
4.640625 0.0450237981934177 0.0447897507087785
4.65625 0.0444805901945891 0.0442438191790289
4.671875 0.0439435779513577 0.0437040497316724
4.6875 0.0434127020742837 0.0431703825186007
4.703125 0.0428879035541126 0.042642758066302
4.71875 0.0423691237634064 0.0421211172786316
4.734375 0.0418563044759588 0.0416054014394053
4.75 0.0413493878448885 0.041095552214823
4.765625 0.0408483163527491 0.0405915116557244
4.78125 0.040353033079911 0.0400932221996839
4.796875 0.0398634812748006 0.0396006266729479
4.8125 0.0393796046565317 0.0391136682922188
4.828125 0.0389013473514152 0.0386322906662901
4.84375 0.0384286538839373 0.0381564377975377
4.859375 0.0379614691764152 0.0376860540832702
4.875 0.037499738548001 0.0372210843169423
4.890625 0.037043407722567 0.0367614736892368
4.90625 0.0365924229850282 0.0363071677890166
4.921875 0.0361467307889731 0.0358581126041528
4.9375 0.0357062780921557 0.0354142545222305
4.953125 0.035271012259304 0.0349755403311371
4.96875 0.0348408810615409 0.0345419172195369
4.984375 0.0344158326752459 0.0341133327772339
5 0.0339958156803757 0.0336897349954273
5.015625 0.0335807790603226 0.0332710722668629
5.03125 0.0331706723726146 0.0328572933858831
5.046875 0.0327654453429948 0.0324483475483788
5.0625 0.0323650482043644 0.0320441843516466
5.078125 0.0319694315985895 0.0316447537941533
5.09375 0.0315785465753061 0.031250006275212
5.109375 0.0311923445902453 0.0308598925945709
5.125 0.0308107775031525 0.0304743639519195
5.140625 0.0304337975752775 0.0300933719463131
5.15625 0.0300613575920148 0.0297168685755193
5.171875 0.0296934106177947 0.0293448062352887
5.1875 0.0293299101281212 0.0289771377185526
5.203125 0.028970810030107 0.0286138162145498
5.21875 0.0286160646346801 0.0282547953078844
5.234375 0.0282656286545813 0.027900028977519
5.25 0.0279194572020369 0.0275494715957023
5.265625 0.0275775057860304 0.0272030779268367
5.28125 0.0272397303588898 0.0268608031262858
5.296875 0.026906087314155 0.0265226027391242
5.3125 0.0265765333105122 0.0261884326988331
5.328125 0.0262510254695464 0.0258582493259417
5.34375 0.0259295213086071 0.0255320093266181
5.359375 0.0256119787386358 0.0252096697912106
5.375 0.0252983560616901 0.0248911881927412
5.390625 0.0249886119681991 0.0245765223853539
5.40625 0.0246827055462295 0.0242656306027193
5.421875 0.0243805964084193 0.0239584714563962
5.4375 0.0240822443473585 0.0236550039341539
5.453125 0.0237876095906667 0.0233551873982549
5.46875 0.023496652778579 0.0230589815837004
5.484375 0.0232093349335768 0.022766346596441
5.5 0.0229256174571044 0.0224772429115524
5.515625 0.0226454621264253 0.0221916313713787
5.53125 0.0223688310909251 0.0219094731836453
5.546875 0.0220956869441927 0.0216307299195405
5.5625 0.0218259926359118 0.0213553635117705
5.578125 0.0215597114052899 0.0210833362525864
5.59375 0.0212968069129712 0.020814610791785
5.609375 0.0210372431880164 0.0205491501346867
5.625 0.0207809846250066 0.0202869176400885
5.640625 0.0205279959809301 0.0200278770181962
5.65625 0.020278242371707 0.0197719923285352
5.671875 0.0200316892780232 0.0195192279778415
5.6875 0.0197883026693607 0.0192695487179349
5.703125 0.0195480486691034 0.0190229196435737
5.71875 0.0193108938413646 0.0187793061902934
5.734375 0.0190768051038779 0.0185386741322304
5.75 0.0188457497251865 0.0183009895799306
5.765625 0.0186176953217548 0.018066218978145
5.78125 0.0183926098546973 0.0178343291036124
5.796875 0.0181704616262928 0.0176052870628312
5.8125 0.0179512193314109 0.0173790602898197
5.828125 0.0177348520245458 0.0171556165438668
5.84375 0.0175213289910241 0.0169349239072745
5.859375 0.0173106199112567 0.0167169507830911
5.875 0.017102694801096 0.0165016658928374
5.890625 0.0168975240090755 0.016289038274227
5.90625 0.0166950782134938 0.0160790372788796
5.921875 0.0164953284191593 0.0158716325700302
5.9375 0.0162982459540786 0.0156667941202333
5.953125 0.0161038025391855 0.0154644922090634
5.96875 0.0159119701881653 0.015264697420813
5.984375 0.0157227211700428 0.0150673806421874
6 0.0155360281179102 0.0148725130599982
6.015625 0.0153518639820701 0.0146800661588556
6.03125 0.0151702020272991 0.0144900117188604
6.046875 0.0149910158300607 0.014302321813295
6.0625 0.0148142792754477 0.0141169688063161
6.078125 0.0146399665539502 0.013933925350648
6.09375 0.0144680522182219 0.0137531643852771
6.109375 0.014298511122018 0.0135746591331495
6.125 0.0141313183356911 0.0133983830988702
6.140625 0.0139664492812959 0.013224310066406
6.15625 0.0138038796801864 0.0130524140967919
6.171875 0.0136435856301193 0.0128826695258408
6.1875 0.0134855433799533 0.0127150509618585
6.203125 0.0133297295164034 0.0125495332833634
6.21875 0.0131761209291687 0.0123860916368103
6.234375 0.013024694844359 0.0122247014343217
6.25 0.0128754287951865 0.0120653383514232
6.265625 0.0127283004955222 0.0119079783247864
6.28125 0.0125832879936794 0.0117525975499784
6.296875 0.0124403696223311 0.0115991724792175
6.3125 0.0122995239941433 0.0114476798191373
6.328125 0.0121607299983572 0.0112980965285578
6.34375 0.0120239667979406 0.0111503998162646
6.359375 0.0118892138264543 0.0110045671387965
6.375 0.0117564508401936 0.0108605761982414
6.390625 0.0116256578766345 0.010718404940041
6.40625 0.0114968151423433 0.0105780315508047
6.421875 0.0113699031659532 0.0104394344561329
6.4375 0.0112449027417318 0.0103025923184494
6.453125 0.0111217949272369 0.010167484034844
6.46875 0.0110005610408783 0.0100340887349247
6.484375 0.0108811826592647 0.00990238577868047
6.5 0.0107636416143552 0.00977235475435422
6.515625 0.0106479200200601 0.00964397547632617
6.53125 0.0105340003134828 0.00951722798300828
6.546875 0.0104218650381539 0.00939209253474948
6.5625 0.0103114970580129 0.00926854961175204
6.578125 0.0102028794877649 0.00914657991199912
6.59375 0.0100959956908346 0.00902616434919386
6.609375 0.00999082927708465 0.00890728405070992
6.625 0.00988736410057151 0.00878992035555382
6.640625 0.00978558425703401 0.00867405481233896
6.65625 0.00968547408128508 0.00855966917727177
6.671875 0.00958701825608397 0.00844674541214975
6.6875 0.00949020157006576 0.00833526568237183
6.703125 0.00939500907554988 0.00822521235496093
6.71875 0.00930142607948072 0.00811656799659887
6.734375 0.00920943812446878 0.00800931537167386
6.75 0.00911903098677036 0.00790343744034043
6.765625 0.00903019067443339 0.00779891735659203
6.78125 0.00894290342499938 0.0076957384663464
6.796875 0.00885715570339635 0.0075938843055436
6.8125 0.00877293422010716 0.00749333859825698
6.828125 0.00869022599611297 0.00739408525481703
6.84375 0.00860901811995536 0.00729610836994814
6.859375 0.00852929797667368 0.00719939222091842
6.875 0.00845105317537902 0.0071039212657025
6.890625 0.00837427154781496 0.00700968014115755
6.90625 0.00829894114658832 0.00691665366121222
6.921875 0.00822505024353716 0.00682482681506897
6.9375 0.00815258732771084 0.00673418476541937
6.953125 0.00808154110373322 0.00664471284667276
6.96875 0.00801190052361646 0.00655639656319805
6.984375 0.0079436548024542 0.00646922158757882
7 0.0078767932425996 0.00638317375888161
7.015625 0.00781130550012181 0.00629823908093752
7.03125 0.00774718136677177 0.00621440372063707
7.046875 0.0076844107709651 0.00613165400623831
7.0625 0.00762298392641504 0.0060499764256882
7.078125 0.00756289125528424 0.00596935762495732
7.09375 0.00750412338666914 0.00588978440638769
7.109375 0.00744667115457912 0.00581124372705398
7.125 0.00739052566327051 0.00573372269713787
7.140625 0.00733567819706328 0.00565720857831565
7.15625 0.00728212017843593 0.00558168878215902
7.171875 0.00722984328008345 0.00550715086854902
7.1875 0.00717883937910983 0.0054335825441032
7.203125 0.00712910056004129 0.00536097166061578
7.21875 0.00708061910245929 0.00528930621351106
7.234375 0.00703338748745376 0.00521857434030977
7.25 0.00698739839705152 0.00514876431910848
7.265625 0.00694264471066562 0.00507986456707206
7.28125 0.0068991195992702 0.00501186363893903
7.296875 0.00685681633686248 0.00494475022553985
7.3125 0.0068157283886796 0.00487851315232808
7.328125 0.00677584944641284 0.00481314137792442
7.34375 0.00673717340005696 0.00474862399267345
7.359375 0.00669969433699168 0.00468495021721321
7.375 0.00666340654082312 0.00462210940105737
7.390625 0.00662830449055908 0.00456009102119017
7.40625 0.00659438285929838 0.00449888468067379
7.421875 0.00656163651301295 0.00443848010726844
7.4375 0.0065300606075538 0.0043788671520648
7.453125 0.00649965038853481 0.00432003578812892
7.46875 0.00647040129684621 0.00426197610915957
7.484375 0.0064423089937637 0.00420467832815778
7.5 0.00641536933541176 0.00414813277610875
7.515625 0.00638957837215354 0.00409232990067589
7.53125 0.00636493234779557 0.00403726026490699
7.546875 0.00634142769912158 0.00398291454595255
7.5625 0.00631906105474741 0.00392928353379597
7.578125 0.00629782923452883 0.00387635812999583
7.59375 0.00627772931918595 0.00382412934643998
7.609375 0.00625875854392748 0.00377258830411144
7.625 0.00624091428090263 0.00372172623186604
7.640625 0.00622419413874283 0.00367153446522181
7.65625 0.00620859592020288 0.00362200444515987
7.671875 0.00619411762209371 0.00357312771693699
7.6875 0.0061807574347189 0.00352489592890947
7.703125 0.00616851374177776 0.00347730083136857
7.71875 0.00615738511977163 0.00343033427538719
7.734375 0.0061473703375486 0.00338398821167779
7.75 0.00613846837828601 0.00333825468946158
7.765625 0.00613067849874927 0.00329312585534876
7.78125 0.00612399999277616 0.00324859395222982
7.796875 0.00611843242265125 0.00320465131817779
7.8125 0.00611397554739215 0.00316129038536144
7.828125 0.00611062932259176 0.00311850367896925
7.84375 0.00610839390068718 0.00307628381614413
7.859375 0.00610726963105142 0.00303462350492885
7.875 0.00610725705974471 0.00299351554322203
7.890625 0.0061083569294149 0.00295295281774466
7.90625 0.00611057017925331 0.00291292830301711
7.921875 0.00611389802958045 0.00287343506034641
7.9375 0.00611834182598178 0.00283446623682397
7.953125 0.00612390308808234 0.00279601506433336
7.96875 0.00613058373219205 0.00275807485856841
7.984375 0.00613838567580873 0.00272063901806117
