0.5 14.7168468690994 -0.5
0.6 9.51003527452911 -0.5
0.7 6.45914068474533 -0.5
0.8 4.53639263092205 -0.5
0.9 3.25741794345808 -0.5
1 2.37057094360218 -0.5
1.1 1.73504401027015 -0.5
1.2 1.26730336752378 -0.5
1.3 0.915391474212998 -0.5
1.4 0.645702390585749 -0.5
1.5 0.4357738859181 -0.5
1.6 0.270166658874785 -0.5
1.7 0.138007563751379 -0.5
1.8 0.0314772902634059 -0.5
1.9 -0.0551517958613218 -0.5
2 -0.126146826018411 -0.5
2.1 -0.184732138267544 -0.5
2.2 -0.233377267714245 -0.5
2.3 -0.273996620348107 -0.5
2.4 -0.308090573829863 -0.5
2.5 -0.336847090184116 -0.5
2.6 -0.361215574281888 -0.5
2.7 -0.381961443653732 -0.5
2.8 -0.399706785337277 -0.5
2.9 -0.414960908588631 -0.5
3 -0.428143696009237 -0.5
3.1 -0.439603256535216 -0.5
3.2 -0.443955770164593 -0.5
3.3 -0.451860380922757 -0.5
3.4 -0.458656291723469 -0.5
3.5 -0.464510585380555 -0.5
3.6 -0.469565285204741 -0.5
3.7 -0.473941819351292 -0.5
3.8 -0.477744609230215 -0.5
3.9 -0.481063938971333 -0.5
4 -0.483978266129124 -0.5
4.1 -0.486556066691393 -0.5
4.2 -0.488857284545985 -0.5
4.3 -0.490934502231753 -0.5
4.4 -0.490920907148574 -0.5
4.5 -0.492222952078695 -0.5
4.6 -0.493347254409026 -0.5
4.7 -0.494320006945486 -0.5
4.8 -0.49516431768173 -0.5
4.9 -0.495900718144542 -0.5
5 -0.496547593115028 -0.5
5.1 -0.49712152687839 -0.5
5.2 -0.497637587770424 -0.5
5.3 -0.49810955219299 -0.5
5.4 -0.498550073236618 -0.5
5.5 -0.49897080040194 -0.5
5.6 -0.498621123914334 -0.5
5.7 -0.498828333645616 -0.5
5.8 -0.499006533091692 -0.5
5.9 -0.49916038768906 -0.5
5.99999999999999 -0.499294096275445 -0.5
6.09999999999999 -0.499411491927897 -0.5
6.19999999999999 -0.49951613163697 -0.5
6.29999999999999 -0.499611371848479 -0.5
6.39999999999999 -0.499700433766849 -0.5
6.49999999999999 -0.499786454675494 -0.5
6.59999999999999 -0.499872528694827 -0.5
6.69999999999999 -0.499961735090162 -0.5
6.79999999999999 -0.500057152980779 -0.5
6.89999999999999 -0.499838020455261 -0.5
6.99999999999999 -0.499863654426099 -0.5
7.09999999999999 -0.499885689126554 -0.5
7.19999999999999 -0.499904818828867 -0.5
7.29999999999999 -0.499921694572954 -0.5
7.39999999999999 -0.499936946481806 -0.5
7.49999999999999 -0.499951204987099 -0.5
7.59999999999999 -0.49996512104915 -0.5
7.69999999999999 -0.499979385617269 -0.5
7.79999999999999 -0.499994746196284 -0.5
7.89999999999999 -0.5000120229435 -0.5
7.99999999999999 -0.500032121782149 -0.5
8.09999999999999 -0.500056043571869 -0.5
8.19999999999999 -0.499982471232025 -0.5
8.29999999999999 -0.499985340446857 -0.5
8.39999999999999 -0.499987805414998 -0.5
8.49999999999999 -0.49998995705291 -0.5
8.59999999999999 -0.499991885286573 -0.5
8.69999999999999 -0.499993683904052 -0.5
8.79999999999998 -0.499995455964345 -0.5
8.89999999999998 -0.499997319679327 -0.5
8.99999999999998 -0.499999414890663 -0.5
9.09999999999998 -0.500001909740365 -0.5
9.19999999999998 -0.50000500852518 -0.5
9.29999999999998 -0.500008958965586 -0.5
9.39999999999998 -0.500014059687563 -0.5
9.49999999999998 -0.50002066840368 -0.5
9.59999999999998 -0.499998505496842 -0.5
9.69999999999998 -0.499998757804028 -0.5
9.79999999999998 -0.499998975936839 -0.5
9.89999999999998 -0.499999169780259 -0.5
9.99999999999998 -0.499999350090795 -0.5
10.1 -0.499999529516792 -0.5
10.2 -0.499999723826484 -0.5
10.3 -0.499999953459465 -0.5
10.4 -0.500000245442452 -0.5
10.5 -0.500000635712363 -0.5
10.6 -0.50000117193165 -0.5
10.7 -0.500001916690804 -0.5
10.8 -0.500002951107896 -0.5
10.9 -0.500004379442628 -0.5
11 -0.500006332846702 -0.5
11.1 -0.49999989873563 -0.5
11.2 -0.4999999164641 -0.5
11.3 -0.499999932130417 -0.5
11.4 -0.499999946728226 -0.5
11.5 -0.499999961501655 -0.5
11.6 -0.499999978173545 -0.5
11.7 -0.499999999193123 -0.5
11.8 -0.500000028128116 -0.5
11.9 -0.500000070169019 -0.5
12 -0.500000132814209 -0.5
12.1 -0.500000226719522 -0.5
12.2 -0.500000366884084 -0.5
12.3 -0.500000573999193 -0.5
12.4 -0.500000876139823 -0.5
12.5 -0.500001310852474 -0.5
12.6 -0.49999999312428 -0.5
12.7 -0.499999994289945 -0.5
12.8 -0.499999995322628 -0.5
12.9 -0.49999999630067 -0.5
13 -0.499999997331412 -0.5
13.1 -0.499999998576541 -0.5
13.2 -0.500000000300471 -0.5
13.3 -0.500000002923959 -0.5
13.4 -0.500000007116658 -0.5
13.5 -0.500000013917272 -0.5
13.6 -0.500000024933168 -0.5
13.7 -0.500000042594775 -0.5
13.8 -0.500000070503172 -0.5
13.9 -0.500000113907407 -0.5
14 -0.500000180322933 -0.5
14.1 -0.500000280276942 -0.5
14.2 -0.499999999371579 -0.5
14.3 -0.49999999943623 -0.5
14.4 -0.499999999495269 -0.5
14.5 -0.499999999554462 -0.5
14.6 -0.499999999623092 -0.5
14.7 -0.499999999716029 -0.5
14.8 -0.499999999857734 -0.5
14.9 -0.500000000101693 -0.5
15 -0.500000000532733 -0.5
15.1 -0.50000000129368 -0.5
15.2 -0.500000002621492 -0.5
15.3 -0.500000004899215 -0.5
15.4 -0.500000008733653 -0.5
15.5 -0.500000015068599 -0.5
15.6 -0.5000000253425 -0.5
15.7 -0.500000041708424 -0.5
15.8 -0.500000067312011 -0.5
15.9 -0.499999999716582 -0.5
16 -0.499999999721274 -0.5
16.1 -0.499999999726164 -0.5
16.2 -0.499999999731714 -0.5
16.3 -0.499999999738927 -0.5
16.4 -0.499999999749525 -0.5
16.5 -0.499999999767039 -0.5
16.6 -0.499999999793832 -0.5
16.7 -0.49999999984495 -0.5
16.8 -0.499999999943755 -0.5
16.9 -0.500000000127726 -0.5
17 -0.500000000463268 -0.5
17.1 -0.500000001061967 -0.5
17.2 -0.500000002105021 -0.5
17.3 -0.500000003888269 -0.5
17.4 -0.50000000687616 -0.5
17.5 -0.500000011790581 -0.5
17.6 -0.499999999743184 -0.5
17.7 -0.499999999744423 -0.5
17.8 -0.499999999745855 -0.5
17.9 -0.499999999747496 -0.5
18 -0.499999999749419 -0.5
18.1 -0.499999999751715 -0.5
18.2 -0.499999999754714 -0.5
18.3 -0.499999999758944 -0.5
18.4 -0.4999999997656 -0.5
18.5 -0.499999999776819 -0.5
18.6 -0.499999999794945 -0.5
18.7 -0.499999999827228 -0.5
18.8 -0.499999999890143 -0.5
18.9 -0.500000000008419 -0.5
19 -0.500000000224734 -0.5
19.1 -0.50000000061098 -0.5
19.2 -0.500000001287257 -0.5
19.3 -0.500000002445123 -0.5
19.4 -0.499999999756949 -0.5
19.5 -0.499999999757367 -0.5
19.6 -0.499999999757962 -0.5
19.7 -0.49999999975869 -0.5
19.8 -0.499999999759571 -0.5
19.9 -0.499999999760621 -0.5


0.6 -0.139011667512825 -0.5
0.59 -0.137543229912995 -0.5
0.58 -0.135481906543159 -0.5
0.57 -1.18512762102811 -0.5
0.56 -1.12446796197022 -0.5
0.55 -1.06936799656467 -0.5
0.54 -1.01925419306985 -0.5
0.53 -0.973662501608958 -0.5
0.52 -0.932157723936806 -0.5
0.51 -0.894316844132933 -0.5
0.5 -0.859826301060125 -0.5
0.49 -0.828346818946826 -0.5
0.48 -0.799610944398186 -0.5
0.47 -0.773361076743279 -0.5
0.46 -0.749373269380152 -0.5
0.45 -0.727452415391434 -0.5
0.44 -0.707338011457602 -0.5
0.43 -0.688954578439241 -0.5
0.42 -0.672117570764424 -0.5
0.41 -0.656691235551109 -0.5
0.4 -0.642553498258962 -0.5
0.39 -0.629594621787058 -0.5
0.38 -0.617715859983906 -0.5
0.37 -0.606828136106394 -0.5
0.36 -0.59676084027885 -0.5
0.35 -0.587574490990436 -0.5
0.34 -0.579145610552318 -0.5
0.33 -0.571412774966032 -0.5
0.32 -0.564320248125371 -0.5
0.31 -0.557817411154149 -0.5
0.3 -0.551858247037863 -0.5
0.29 -0.546400875739465 -0.5
0.28 -0.541407135524431 -0.5
0.27 -0.536842205469979 -0.5
0.26 -0.532674266636086 -0.5
0.25 -0.528874196399974 -0.5
0.24 -0.525415294627451 -0.5
0.23 -0.52227303550665 -0.5
0.22 -0.519424844495817 -0.5
0.21 -0.516849896722058 -0.5
0.2 -0.514528933338681 -0.5
0.19 -0.512444095448883 -0.5
0.18 -0.510578772094611 -0.5
0.17 -0.508917460473561 -0.5
0.16 -0.507445638904489 -0.5
0.15 -0.506149647338723 -0.5
0.14 -0.505016577984547 -0.5
0.13 -0.504034172930338 -0.5
0.12 -0.503190726723604 -0.5
0.11 -0.502474995999918 -0.5
0.0999999999999996 -0.501876112532607 -0.5
0.0899999999999996 -0.501383499253666 -0.5
0.0799999999999996 -0.500986792379453 -0.5
0.0699999999999996 -0.500675761547998 -0.5
0.0599999999999996 -0.500440235401118 -0.5
0.0499999999999996 -0.500270027188046 -0.5
0.0399999999999996 -0.500154862610506 -0.5
0.0299999999999996 -0.500084307564223 -0.5
0.0199999999999996 -0.500047699150413 -0.5
0.00999999999999958 -0.500034077784231 -0.5
