0.5 1
1 1
2 1
3 1
4 2
5 2
6 2
6.5 2


0.5 1 1 1 NaN
0.53125 0.970703125 0.999481201171875 0.99763660925887 0.990753923744111
0.5625 0.9453125 0.998974609375 0.995477273851117 0.983197415137487
0.59375 0.923828125 0.998492431640625 0.993546350826624 0.977232204370708
0.625 0.90625 0.998046875 0.991869268815594 0.972759860091644
0.65625 0.892578125 0.997650146484375 0.990472228531223 0.969681892273313
0.6875 0.8828125 0.997314453125 0.989381797921314 0.967899862926806
0.71875 0.876953125 0.997052001953125 0.988624387343975 0.967315504873207
0.75 0.875 0.996875 0.988225592489773 0.967830848762161
0.78125 0.876953125 0.996795654296875 0.988209397156367 0.9693483584938
0.8125 0.8828125 0.996826171875 0.988597234871009 0.971771075164755
0.84375 0.892578125 0.996978759765625 0.989406918112237 0.975002769617709
0.875 0.90625 0.997265625 0.990651456633501 0.978948103627031
0.90625 0.923828125 0.997698974609375 0.992337801882476 0.983512799700218
0.9375 0.9453125 0.998291015625 0.994465571940756 0.988603819415875
0.96875 0.970703125 0.999053955078125 0.997025829305318 0.99412955015369
1 1 1 1 1
1.03125 1.0302734375 1.00113525390625 1.00335903412183 1.00612700053416
1.0625 1.05859375 1.00244140625 1.00706291184432 1.01242441711591
1.09375 1.0849609375 1.00389404296875 1.01106059215399 1.01880836620236
1.125 1.109375 1.00546875 1.01529048210054 1.02519743912542
1.15625 1.1318359375 1.00714111328125 1.01968147163268 1.03151293165633
1.1875 1.15234375 1.00888671875 1.02415453493499 1.03767907857457
1.21875 1.1708984375 1.01068115234375 1.02862484780054 1.0436232923433
1.25 1.1875 1.0125 1.03300431832202 1.04927640487475
1.28125 1.2021484375 1.01431884765625 1.03720438259534 1.05457291124553
1.3125 1.21484375 1.01611328125 1.04113888549565 1.05945121409714
1.34375 1.2255859375 1.01785888671875 1.04472685438134 1.06385386732962
1.375 1.234375 1.01953125 1.04789498317775 1.0677278175698
1.40625 1.2412109375 1.02110595703125 1.0505796743491 1.07102464177034
1.4375 1.24609375 1.02255859375 1.05272853200269 1.07370077917357
1.46875 1.2490234375 1.02386474609375 1.05430125363595 1.07571775575767
1.5 1.25 1.025 1.05526992287918 1.0770423991727
1.53125 1.2490234375 1.02593994140625 1.05561875383605 1.07764704207444
1.5625 1.24609375 1.02666015625 1.05534337411989 1.0775097116753
1.59375 1.2412109375 1.02713623046875 1.05444975587279 1.07661430325766
1.625 1.234375 1.02734375 1.05295291194257 1.07495073533794
1.65625 1.2255859375 1.02725830078125 1.05087546999235 1.07251508413159
1.6875 1.21484375 1.02685546875 1.04824622384983 1.06930969495322
1.71875 1.2021484375 1.02611083984375 1.04509874247484 1.06534326819466
1.75 1.1875 1.025 1.04147009587582 1.06063091755831
1.78125 1.1708984375 1.02349853515625 1.03739973680232 1.0551941982875
1.8125 1.15234375 1.02158203125 1.03292855890097 1.04906110322998
1.84375 1.1318359375 1.01922607421875 1.028098137243 1.04226602469785
1.875 1.109375 1.01640625 1.02295014603287 1.03484968024793
1.90625 1.0849609375 1.01309814453125 1.01752594071823 1.02685900070196
1.9375 1.05859375 1.00927734375 1.01186628717678 1.0183469789557
1.96875 1.0302734375 1.00491943359375 1.00601121854966 1.00937247839061
2 1 1 1 1
2.03125 0.9697265625 0.994512939453125 0.99387118262457 0.990299407671247
2.0625 0.94140625 0.988525390625 0.987662729457215 0.980345611426371
2.09375 0.9150390625 0.982122802734375 0.981412198593697 0.970218208809825
2.125 0.890625 0.975390625 0.975156970662506 0.960001085023218
2.15625 0.8681640625 0.968414306640625 0.968934509970273 0.949781972836323
2.1875 0.84765625 0.961279296875 0.962782650540302 0.939651973747814
2.21875 0.8291015625 0.954071044921875 0.956739899865818 0.929705042322133
2.25 0.8125 0.946875 0.950845754479987 0.920037436084733
2.28125 0.7978515625 0.939776611328125 0.94514102239097 0.910747133810325
2.3125 0.78515625 0.932861328125 0.939668148044769 0.901933225481025
2.34375 0.7744140625 0.926214599609375 0.934471535771561 0.893695277616536
2.375 0.765625 0.919921875 0.92959786765558 0.886132678079835
2.40625 0.7587890625 0.914068603515625 0.925096411457509 0.879343964832471
2.4375 0.75390625 0.908740234375 0.921019313623907 0.87342614344692
2.46875 0.7509765625 0.904022216796875 0.917421871552033 0.868473998473298
2.5 0.75 0.9 0.914362778152394 0.864579403998491
2.53125 0.7509765625 0.896759033203125 0.911904330380715 0.861830638922416
2.5625 0.75390625 0.894384765625 0.910112591816766 0.860311712604474
2.59375 0.7587890625 0.892962646484375 0.909057497581602 0.860101706600042
2.625 0.765625 0.892578125 0.908812887954386 0.861274138209675
2.65625 0.7744140625 0.893316650390625 0.909456455044096 0.863896351501384
2.6875 0.78515625 0.895263671875 0.91106958488697 0.868028941338558
2.71875 0.7978515625 0.898504638671875 0.913737075509449 0.873725215753846
2.75 0.8125 0.903125 0.917546709991876 0.881030701754386
2.78125 0.8291015625 0.909210205078125 0.922588662609935 0.889982699329207
2.8125 0.84765625 0.916845703125 0.928954715987351 0.90060988805928
2.84375 0.8681640625 0.926116943359375 0.936737268179961 0.912931990309301
2.875 0.890625 0.937109375 0.946028111081352 0.926959494513312
2.90625 0.9150390625 0.949908447265625 0.956916965867367 0.942693441559789
2.9375 0.94140625 0.964599609375 0.969489767745403 0.960125276742353
2.96875 0.9697265625 0.981268310546875 0.983826701356811 0.979236769176747
3 1 1 1 1
3.03125 1.03125 1.02084350585938 1.01807153642198 1.02237742007108
3.0625 1.0625 1.043701171875 1.03809025003377 1.04632197729056
3.09375 1.09375 1.06843872070312 1.06008947447197 1.0717773130566
3.125 1.125 1.094921875 1.08408424948776 1.0986780267827
3.15625 1.15625 1.12301635742188 1.1100687207962 1.1269500068241
3.1875 1.1875 1.152587890625 1.13801374894966 1.1565108256015
3.21875 1.21875 1.18350219726563 1.16786486137106 1.18727019617596
3.25 1.25 1.215625 1.19954068810122 1.21913048702339
3.28125 1.28125 1.24882202148438 1.23293201938948 1.25198729128372
3.3125 1.3125 1.282958984375 1.2679016102232 1.28573004632215
3.34375 1.34375 1.31790161132813 1.30428483227033 1.32024269904058
3.375 1.375 1.353515625 1.3418912376339 1.35540441201842
3.40625 1.40625 1.38966674804687 1.38050705277146 1.39109030524507
3.4375 1.4375 1.426220703125 1.41989856781531 1.42717222793312
3.46875 1.46875 1.46304321289063 1.45981633050035 1.46351955467222
3.5 1.5 1.5 1.5 1.5
3.53125 1.53125 1.53695678710938 1.54018366949965 1.53648044532778
3.5625 1.5625 1.573779296875 1.58010143218469 1.57282777206688
3.59375 1.59375 1.61033325195312 1.61949294722854 1.60890969475493
3.625 1.625 1.646484375 1.6581087623661 1.64459558798158
3.65625 1.65625 1.68209838867188 1.69571516772967 1.67975730095942
3.6875 1.6875 1.717041015625 1.7320983897768 1.71426995367785
3.71875 1.71875 1.75117797851563 1.76706798061052 1.74801270871628
3.75 1.75 1.784375 1.80045931189878 1.78086951297661
3.78125 1.78125 1.81649780273438 1.83213513862894 1.81272980382404
3.8125 1.8125 1.847412109375 1.86198625105034 1.8434891743985
3.84375 1.84375 1.87698364257813 1.8899312792038 1.8730499931759
3.875 1.875 1.905078125 1.91591575051224 1.9013219732173
3.90625 1.90625 1.93156127929687 1.93991052552803 1.9282226869434
3.9375 1.9375 1.956298828125 1.96190974996623 1.95367802270944
3.96875 1.96875 1.97915649414063 1.98192846357802 1.97762257992892
4 2 2 2 2
4.03125 2.0302734375 2.01873168945313 2.01617329864319 2.02076323082325
4.0625 2.05859375 2.035400390625 2.0305102322546 2.03987472325765
4.09375 2.0849609375 2.05009155273437 2.04308303413263 2.05730655844021
4.125 2.109375 2.062890625 2.05397188891865 2.07304050548669
4.15625 2.1318359375 2.07388305664063 2.06326273182004 2.0870680096907
4.1875 2.15234375 2.083154296875 2.07104528401265 2.09939011194072
4.21875 2.1708984375 2.09078979492188 2.07741133739006 2.11001730067079
4.25 2.1875 2.096875 2.08245329000812 2.11896929824561
4.28125 2.2021484375 2.10149536132813 2.08626292449055 2.12627478424615
4.3125 2.21484375 2.104736328125 2.08893041511303 2.13197105866144
4.34375 2.2255859375 2.10668334960938 2.0905435449559 2.13610364849862
4.375 2.234375 2.107421875 2.09118711204561 2.13872586179032
4.40625 2.2412109375 2.10703735351562 2.0909425024184 2.13989829339996
4.4375 2.24609375 2.105615234375 2.08988740818323 2.13968828739553
4.46875 2.2490234375 2.10324096679688 2.08809566961928 2.13816936107758
4.5 2.25 2.1 2.08563722184761 2.13542059600151
4.53125 2.2490234375 2.09597778320313 2.08257812844797 2.1315260015267
4.5625 2.24609375 2.091259765625 2.07898068637609 2.12657385655308
4.59375 2.2412109375 2.08593139648438 2.07490358854249 2.12065603516753
4.625 2.234375 2.080078125 2.07040213234442 2.11386732192017
4.65625 2.2255859375 2.07378540039063 2.06552846422844 2.10630472238346
4.6875 2.21484375 2.067138671875 2.06033185195523 2.09806677451898
4.71875 2.2021484375 2.06022338867187 2.05485897760903 2.08925286618968
4.75 2.1875 2.053125 2.04915424552001 2.07996256391527
4.78125 2.1708984375 2.04592895507813 2.04326010013418 2.07029495767787
4.8125 2.15234375 2.038720703125 2.0372173494597 2.06034802625219
4.84375 2.1318359375 2.03158569335938 2.03106549002973 2.05021802716368
4.875 2.109375 2.024609375 2.02484302933749 2.03999891497678
4.90625 2.0849609375 2.01787719726563 2.0185878014063 2.02978179119017
4.9375 2.05859375 2.011474609375 2.01233727054279 2.01965438857363
4.96875 2.0302734375 2.00548706054688 2.00612881737543 2.00970059232875
5 2 2 2 2
5.03125 1.9697265625 1.99508056640625 1.99398878145034 1.99062752160939
5.0625 1.94140625 1.99072265625 1.98813371282323 1.9816530210443
5.09375 1.9150390625 1.98690185546875 1.98247405928177 1.97314099929804
5.125 1.890625 1.98359375 1.97704985396713 1.96515031975207
5.15625 1.8681640625 1.98077392578125 1.971901862757 1.95773397530215
5.1875 1.84765625 1.97841796875 1.96707144109903 1.95093889677002
5.21875 1.8291015625 1.97650146484375 1.96260026319768 1.9448058017125
5.25 1.8125 1.975 1.95852990412418 1.93936908244169
5.28125 1.7978515625 1.97388916015625 1.95490125752516 1.93465673180534
5.3125 1.78515625 1.97314453125 1.95175377615017 1.93069030504678
5.34375 1.7744140625 1.97274169921875 1.94912453000765 1.92748491586841
5.375 1.765625 1.97265625 1.94704708805743 1.92504926466206
5.40625 1.7587890625 1.97286376953125 1.94555024412721 1.92338569674234
5.4375 1.75390625 1.97333984375 1.94465662588011 1.9224902883247
5.46875 1.7509765625 1.97406005859375 1.94438124616395 1.92235295792556
5.5 1.75 1.975 1.94473007712082 1.9229576008273
5.53125 1.7509765625 1.97613525390625 1.94569874636405 1.92428224424233
5.5625 1.75390625 1.97744140625 1.94727146799731 1.92629922082643
5.59375 1.7587890625 1.97889404296875 1.9494203256509 1.92897535822967
5.625 1.765625 1.98046875 1.95210501682225 1.9322721824302
5.65625 1.7744140625 1.98214111328125 1.95527314561866 1.93614613267038
5.6875 1.78515625 1.98388671875 1.95886111450435 1.94054878590286
5.71875 1.7978515625 1.98568115234375 1.96279561740466 1.94542708875447
5.75 1.8125 1.9875 1.96699568167798 1.95072359512525
5.78125 1.8291015625 1.98931884765625 1.97137515219946 1.9563767076567
5.8125 1.84765625 1.99111328125 1.97584546506501 1.96232092142544
5.84375 1.8681640625 1.99285888671875 1.98031852836732 1.96848706834367
5.875 1.890625 1.99453125 1.98470951789946 1.97480256087458
5.90625 1.9150390625 1.99610595703125 1.98893940784601 1.98119163379764
5.9375 1.94140625 1.99755859375 1.99293708815568 1.98757558288409
5.96875 1.9697265625 1.99886474609375 1.99664096587817 1.99387299946584
6 2 2 2 2
6.03125 2.029296875 2.00094604492188 2.00297417069468 2.00587044984631
6.0625 2.0546875 2.001708984375 2.00553442805924 2.01139618058413
6.09375 2.076171875 2.00230102539062 2.00766219811752 2.01648720029978
6.125 2.09375 2.002734375 2.0093485433665 2.02105189637297
6.15625 2.107421875 2.00302124023438 2.01059308188776 2.02499723038229
6.1875 2.1171875 2.003173828125 2.01140276512899 2.02822892483524
6.21875 2.123046875 2.00320434570313 2.01179060284363 2.0306516415062
6.25 2.125 2.003125 2.01177440751023 2.03216915123784
6.28125 2.123046875 2.00294799804688 2.01137561265602 2.03268449512679
6.3125 2.1171875 2.002685546875 2.01061820207869 2.03210013707319
6.34375 2.107421875 2.00234985351563 2.00952777146878 2.03031810772669
6.375 2.09375 2.001953125 2.00813073118441 2.02724013990836
6.40625 2.076171875 2.00150756835937 2.00645364917338 2.02276779562929
6.4375 2.0546875 2.001025390625 2.00452272614888 2.01680258486251
6.46875 2.029296875 2.00051879882813 2.00236339074113 2.00924607625589
6.5 2 2 2 NaN


-1 -6.74580367287875
-0.8 1.42599446253296
-0.6 1.78148482533537
-0.4 -2.20185727080188
-0.2 1.12901665373691
0 0
0.2 -0.507299883494697
0.4 0.444547316096115
0.6 -0.161612657170572
0.8 -0.0581266771537893
1 0.123553704086744
1.2 -0.0821522155444196


-1 -6.74580367287875 -6.74580367287875 -6.74580367287875 NaN 
-0.96875 -5.84186663708839 -5.22216550610415 -5.94787047557972 -5.38360837022857 
-0.9375 -4.79981611134702 -3.73558360180951 -4.98096173627538 -4.01229388624456 
-0.90625 -3.61965209565465 -2.32311422247478 -3.81829635234648 -2.65315448328524 
-0.875 -2.30137459001127 -1.02181363057993 -2.44715340394478 -1.33471290955898 
-0.84375 -0.844983594416876 0.131261911395093 -0.889417373246139 -0.0937135926110801 
-0.8125 0.749520891128523 1.09905614097032 0.769627492012699 1.02460659602019 
-0.78125 2.36371999270987 1.84607650921779 2.35751591308303 1.96768635146374 
-0.75 3.51078056200968 2.36022825517247 3.62712099723593 2.6791609085513 
-0.71875 4.13807198839905 2.64742828137551 4.33449604812883 3.10559776986237 
-0.6875 4.24559427187797 2.71405681290196 4.35624460496617 3.20670339496034 
-0.65625 3.83334741244645 2.56649407482686 3.75529081435559 2.96785255080098 
-0.625 2.90133141010447 2.21112029222528 2.73592882941445 2.41176844762473 
-0.59375 1.46609988949529 1.65442868781296 1.53796821844993 1.60452634493052 
-0.5625 0.0739224638456357 0.926867984134543 0.357177185274312 0.65136832081609 
-0.53125 -1.01034287255274 0.112334787786833 -0.677289295139603 -0.318919753485471 
-0.5 -1.78669611969982 -0.698042445628417 -1.48961123566736 -1.17727884680701 
-0.46875 -2.25513727759563 -1.41313526050945 -2.03610677901686 -1.81784127023056 
-0.4375 -2.41566634624015 -1.94181520125453 -2.2913014757628 -2.17441926829837 
-0.40625 -2.26828332563339 -2.19295381226189 -2.24609886592399 -2.22663874844439 
-0.375 -1.8957673275731 -2.09208869788118 -1.91710751199264 -1.99675029260184 
-0.34375 -1.46885027014216 -1.6879300617904 -1.36022154378614 -1.54060544659022 
-0.3125 -0.992705847827938 -1.08439443125654 -0.674860203568998 -0.93629072452791 
-0.28125 -0.467334060630424 -0.385658740733354 0.013848455284942 -0.27257178799552 
-0.25 0.107265091450381 0.304100075325417 0.591572270160391 0.36204850247278 
-0.21875 0.731091608414474 0.880705082466023 0.987718054741596 0.889472847655223 
-0.1875 1.37884766430914 1.24168887480195 1.18462708623419 1.25099070944639 
-0.15625 1.81652836907176 1.35104196949773 1.20392761714724 1.41414560914281 
-0.125 1.98721361430872 1.25908607636302 1.08542503665904 1.37611147684828 
-0.09375 1.89090340002003 1.02191256412185 0.871201209174316 1.16243760860602 
-0.0625 1.52759772620568 0.69561280149826 0.598409863440383 0.82103241438581 
-0.03125 0.897296592865667 0.336278157216297 0.298588119955098 0.412629316664002 
0 0 0 0 0 
0.03125 -0.882117960779676 -0.267125492630295 -0.270091599172997 -0.361676301355192 
0.0625 -1.46688319786171 -0.458982907969074 -0.485680087353778 -0.631598046221214 
0.09375 -1.75429571124611 -0.579452024514531 -0.62584152906015 -0.786692966179413 
0.125 -1.74435550093286 -0.632412620764858 -0.680364362641098 -0.821874611067691 
0.15625 -1.43706256692197 -0.621744475218248 -0.652948082752467 -0.747999107793936 
0.1875 -0.832416909213447 -0.551327366372892 -0.558937564417227 -0.588336688001731 
0.21875 -0.0246409734284997 -0.425671980556472 -0.419041901466454 -0.374177646484487 
0.25 0.598906297323412 -0.258729254582324 -0.25330749588532 -0.140018642433071 
0.28125 0.996348260543968 -0.0717172487812074 -0.0782509420955957 0.0812479151152343 
0.3125 1.16768491623317 0.113959040862935 0.0928294113632922 0.262611255353927 
0.34375 1.11291626439101 0.276894618366161 0.247876657145639 0.386061854537882 
0.375 0.832042305017501 0.395684487744528 0.374041531092682 0.444018864769304 
0.40625 0.332585759034144 0.448979449784598 0.456961544165322 0.438873539657176 
0.4375 -0.137203583149209 0.427259220619557 0.482576308041814 0.380939972101772 
0.46875 -0.456962186788389 0.347395388830491 0.442004983641225 0.285497533750034 
0.5 -0.626690051883395 0.22983053631067 0.337855773836088 0.169725921172318 
0.53125 -0.646387178434228 0.09500724495337 0.187596800077228 0.050155842337877 
0.5625 -0.516053566440888 -0.0366319033481377 0.0199434875526512 -0.0590771073585738 
0.59375 -0.235689215903375 -0.144644326700579 -0.134542730096772 -0.147203754385796 
0.625 0.109774418530095 -0.211054041815855 -0.252473094324407 -0.207227470477133 
0.65625 0.345166211647574 -0.236114770722218 -0.321362274039148 -0.235996523882237 
0.6875 0.46517794753355 -0.228250843327559 -0.338291719404826 -0.234076628056451 
0.71875 0.469809626188022 -0.19592513014297 -0.306667508172319 -0.205415664657239 
0.75 0.35906124761099 -0.147600501679548 -0.233719710098127 -0.156696535562946 
0.78125 0.132932811802454 -0.091739828448386 -0.12974314044335 -0.0963020905862908 
0.8125 -0.189809425200764 -0.0367268450500931 -0.0088160683242115 -0.0329783406907803 
0.84375 -0.435577595058073 0.012131122434881 0.110263012283313 0.0255198559005709 
0.875 -0.562147621686624 0.053523111405649 0.205128117956921 0.0734391050115247 
0.90625 -0.569519505086418 0.0864052429592151 0.255407943831646 0.107454055520044 
0.9375 -0.457693245257455 0.109733638192583 0.251646019032246 0.126511588709073 
0.96875 -0.226668842199734 0.122464418202758 0.201004495796356 0.131293043717832 
1 0.123553704086744 0.123553704086744 0.123553704086744 0.123553704086744 
1.03125 0.464318577012096 0.112461945014679 0.0419026169911337 0.105536221906798 
1.0625 0.666969959986441 0.0906669024492384 -0.0272838721868024 0.0795493986817877 
1.09375 0.731507853009777 0.0601506659262335 -0.0756368237077025 0.0477189445448834 
1.125 0.657932256082105 0.0228953249814739 -0.101210474070304 0.0118733737786871 
1.15625 0.446243169203425 -0.01911703084923 -0.105633565653145 -0.0264819492804051 
1.1875 0.0964405923737372 -0.0639043120300682 -0.0919544170579145 -0.0661423671726655 


