0.5 1
1 1
2 1
3 1
4 2
5 2
6 2
6.5 2


0.5 1 1 1
0.53125 0.970703125 0.999481201171875 0.99763660925887
0.5625 0.9453125 0.998974609375 0.995477273851117
0.59375 0.923828125 0.998492431640625 0.993546350826624
0.625 0.90625 0.998046875 0.991869268815594
0.65625 0.892578125 0.997650146484375 0.990472228531223
0.6875 0.8828125 0.997314453125 0.989381797921314
0.71875 0.876953125 0.997052001953125 0.988624387343975
0.75 0.875 0.996875 0.988225592489773
0.78125 0.876953125 0.996795654296875 0.988209397156367
0.8125 0.8828125 0.996826171875 0.988597234871009
0.84375 0.892578125 0.996978759765625 0.989406918112237
0.875 0.90625 0.997265625 0.990651456633501
0.90625 0.923828125 0.997698974609375 0.992337801882476
0.9375 0.9453125 0.998291015625 0.994465571940756
0.96875 0.970703125 0.999053955078125 0.997025829305318
1 1 1 1
1.03125 1.0302734375 1.00113525390625 1.00335903412183
1.0625 1.05859375 1.00244140625 1.00706291184432
1.09375 1.0849609375 1.00389404296875 1.01106059215399
1.125 1.109375 1.00546875 1.01529048210054
1.15625 1.1318359375 1.00714111328125 1.01968147163268
1.1875 1.15234375 1.00888671875 1.02415453493499
1.21875 1.1708984375 1.01068115234375 1.02862484780054
1.25 1.1875 1.0125 1.03300431832202
1.28125 1.2021484375 1.01431884765625 1.03720438259534
1.3125 1.21484375 1.01611328125 1.04113888549565
1.34375 1.2255859375 1.01785888671875 1.04472685438134
1.375 1.234375 1.01953125 1.04789498317775
1.40625 1.2412109375 1.02110595703125 1.0505796743491
1.4375 1.24609375 1.02255859375 1.05272853200269
1.46875 1.2490234375 1.02386474609375 1.05430125363595
1.5 1.25 1.025 1.05526992287918
1.53125 1.2490234375 1.02593994140625 1.05561875383605
1.5625 1.24609375 1.02666015625 1.05534337411989
1.59375 1.2412109375 1.02713623046875 1.05444975587279
1.625 1.234375 1.02734375 1.05295291194257
1.65625 1.2255859375 1.02725830078125 1.05087546999235
1.6875 1.21484375 1.02685546875 1.04824622384983
1.71875 1.2021484375 1.02611083984375 1.04509874247484
1.75 1.1875 1.025 1.04147009587582
1.78125 1.1708984375 1.02349853515625 1.03739973680232
1.8125 1.15234375 1.02158203125 1.03292855890097
1.84375 1.1318359375 1.01922607421875 1.028098137243
1.875 1.109375 1.01640625 1.02295014603287
1.90625 1.0849609375 1.01309814453125 1.01752594071823
1.9375 1.05859375 1.00927734375 1.01186628717678
1.96875 1.0302734375 1.00491943359375 1.00601121854966
2 1 1 1
2.03125 0.9697265625 0.994512939453125 0.99387118262457
2.0625 0.94140625 0.988525390625 0.987662729457215
2.09375 0.9150390625 0.982122802734375 0.981412198593697
2.125 0.890625 0.975390625 0.975156970662506
2.15625 0.8681640625 0.968414306640625 0.968934509970273
2.1875 0.84765625 0.961279296875 0.962782650540302
2.21875 0.8291015625 0.954071044921875 0.956739899865818
2.25 0.8125 0.946875 0.950845754479987
2.28125 0.7978515625 0.939776611328125 0.94514102239097
2.3125 0.78515625 0.932861328125 0.939668148044769
2.34375 0.7744140625 0.926214599609375 0.934471535771561
2.375 0.765625 0.919921875 0.92959786765558
2.40625 0.7587890625 0.914068603515625 0.925096411457509
2.4375 0.75390625 0.908740234375 0.921019313623907
2.46875 0.7509765625 0.904022216796875 0.917421871552033
2.5 0.75 0.9 0.914362778152394
2.53125 0.7509765625 0.896759033203125 0.911904330380715
2.5625 0.75390625 0.894384765625 0.910112591816766
2.59375 0.7587890625 0.892962646484375 0.909057497581602
2.625 0.765625 0.892578125 0.908812887954386
2.65625 0.7744140625 0.893316650390625 0.909456455044096
2.6875 0.78515625 0.895263671875 0.91106958488697
2.71875 0.7978515625 0.898504638671875 0.913737075509449
2.75 0.8125 0.903125 0.917546709991876
2.78125 0.8291015625 0.909210205078125 0.922588662609935
2.8125 0.84765625 0.916845703125 0.928954715987351
2.84375 0.8681640625 0.926116943359375 0.936737268179961
2.875 0.890625 0.937109375 0.946028111081352
2.90625 0.9150390625 0.949908447265625 0.956916965867367
2.9375 0.94140625 0.964599609375 0.969489767745403
2.96875 0.9697265625 0.981268310546875 0.983826701356811
3 1 1 1
3.03125 1.03125 1.02084350585938 1.01807153642198
3.0625 1.0625 1.043701171875 1.03809025003377
3.09375 1.09375 1.06843872070312 1.06008947447197
3.125 1.125 1.094921875 1.08408424948776
3.15625 1.15625 1.12301635742188 1.1100687207962
3.1875 1.1875 1.152587890625 1.13801374894966
3.21875 1.21875 1.18350219726563 1.16786486137106
3.25 1.25 1.215625 1.19954068810122
3.28125 1.28125 1.24882202148438 1.23293201938948
3.3125 1.3125 1.282958984375 1.2679016102232
3.34375 1.34375 1.31790161132813 1.30428483227033
3.375 1.375 1.353515625 1.3418912376339
3.40625 1.40625 1.38966674804687 1.38050705277146
3.4375 1.4375 1.426220703125 1.41989856781531
3.46875 1.46875 1.46304321289063 1.45981633050035
3.5 1.5 1.5 1.5
3.53125 1.53125 1.53695678710938 1.54018366949965
3.5625 1.5625 1.573779296875 1.58010143218469
3.59375 1.59375 1.61033325195312 1.61949294722854
3.625 1.625 1.646484375 1.6581087623661
3.65625 1.65625 1.68209838867188 1.69571516772967
3.6875 1.6875 1.717041015625 1.7320983897768
3.71875 1.71875 1.75117797851563 1.76706798061052
3.75 1.75 1.784375 1.80045931189878
3.78125 1.78125 1.81649780273438 1.83213513862894
3.8125 1.8125 1.847412109375 1.86198625105034
3.84375 1.84375 1.87698364257813 1.8899312792038
3.875 1.875 1.905078125 1.91591575051224
3.90625 1.90625 1.93156127929687 1.93991052552803
3.9375 1.9375 1.956298828125 1.96190974996623
3.96875 1.96875 1.97915649414063 1.98192846357802
4 2 2 2
4.03125 2.0302734375 2.01873168945313 2.01617329864319
4.0625 2.05859375 2.035400390625 2.0305102322546
4.09375 2.0849609375 2.05009155273437 2.04308303413263
4.125 2.109375 2.062890625 2.05397188891865
4.15625 2.1318359375 2.07388305664063 2.06326273182004
4.1875 2.15234375 2.083154296875 2.07104528401265
4.21875 2.1708984375 2.09078979492188 2.07741133739006
4.25 2.1875 2.096875 2.08245329000812
4.28125 2.2021484375 2.10149536132813 2.08626292449055
4.3125 2.21484375 2.104736328125 2.08893041511303
4.34375 2.2255859375 2.10668334960938 2.0905435449559
4.375 2.234375 2.107421875 2.09118711204561
4.40625 2.2412109375 2.10703735351562 2.0909425024184
4.4375 2.24609375 2.105615234375 2.08988740818323
4.46875 2.2490234375 2.10324096679688 2.08809566961928
4.5 2.25 2.1 2.08563722184761
4.53125 2.2490234375 2.09597778320313 2.08257812844797
4.5625 2.24609375 2.091259765625 2.07898068637609
4.59375 2.2412109375 2.08593139648438 2.07490358854249
4.625 2.234375 2.080078125 2.07040213234442
4.65625 2.2255859375 2.07378540039063 2.06552846422844
4.6875 2.21484375 2.067138671875 2.06033185195523
4.71875 2.2021484375 2.06022338867187 2.05485897760903
4.75 2.1875 2.053125 2.04915424552001
4.78125 2.1708984375 2.04592895507813 2.04326010013418
4.8125 2.15234375 2.038720703125 2.0372173494597
4.84375 2.1318359375 2.03158569335938 2.03106549002973
4.875 2.109375 2.024609375 2.02484302933749
4.90625 2.0849609375 2.01787719726563 2.0185878014063
4.9375 2.05859375 2.011474609375 2.01233727054279
4.96875 2.0302734375 2.00548706054688 2.00612881737543
5 2 2 2
5.03125 1.9697265625 1.99508056640625 1.99398878145034
5.0625 1.94140625 1.99072265625 1.98813371282323
5.09375 1.9150390625 1.98690185546875 1.98247405928177
5.125 1.890625 1.98359375 1.97704985396713
5.15625 1.8681640625 1.98077392578125 1.971901862757
5.1875 1.84765625 1.97841796875 1.96707144109903
5.21875 1.8291015625 1.97650146484375 1.96260026319768
5.25 1.8125 1.975 1.95852990412418
5.28125 1.7978515625 1.97388916015625 1.95490125752516
5.3125 1.78515625 1.97314453125 1.95175377615017
5.34375 1.7744140625 1.97274169921875 1.94912453000765
5.375 1.765625 1.97265625 1.94704708805743
5.40625 1.7587890625 1.97286376953125 1.94555024412721
5.4375 1.75390625 1.97333984375 1.94465662588011
5.46875 1.7509765625 1.97406005859375 1.94438124616395
5.5 1.75 1.975 1.94473007712082
5.53125 1.7509765625 1.97613525390625 1.94569874636405
5.5625 1.75390625 1.97744140625 1.94727146799731
5.59375 1.7587890625 1.97889404296875 1.9494203256509
5.625 1.765625 1.98046875 1.95210501682225
5.65625 1.7744140625 1.98214111328125 1.95527314561866
5.6875 1.78515625 1.98388671875 1.95886111450435
5.71875 1.7978515625 1.98568115234375 1.96279561740466
5.75 1.8125 1.9875 1.96699568167798
5.78125 1.8291015625 1.98931884765625 1.97137515219946
5.8125 1.84765625 1.99111328125 1.97584546506501
5.84375 1.8681640625 1.99285888671875 1.98031852836732
5.875 1.890625 1.99453125 1.98470951789946
5.90625 1.9150390625 1.99610595703125 1.98893940784601
5.9375 1.94140625 1.99755859375 1.99293708815568
5.96875 1.9697265625 1.99886474609375 1.99664096587817
6 2 2 2
6.03125 2.029296875 2.00094604492188 2.00297417069468
6.0625 2.0546875 2.001708984375 2.00553442805924
6.09375 2.076171875 2.00230102539062 2.00766219811752
6.125 2.09375 2.002734375 2.0093485433665
6.15625 2.107421875 2.00302124023438 2.01059308188776
6.1875 2.1171875 2.003173828125 2.01140276512899
6.21875 2.123046875 2.00320434570313 2.01179060284363
6.25 2.125 2.003125 2.01177440751023
6.28125 2.123046875 2.00294799804688 2.01137561265602
6.3125 2.1171875 2.002685546875 2.01061820207869
6.34375 2.107421875 2.00234985351563 2.00952777146878
6.375 2.09375 2.001953125 2.00813073118441
6.40625 2.076171875 2.00150756835937 2.00645364917338
6.4375 2.0546875 2.001025390625 2.00452272614888
6.46875 2.029296875 2.00051879882813 2.00236339074113
6.5 2 2 2


-6 -7.94104206483867
-5 8.97310686657846
-4 0.108839924926851
-3 -10.2700800725388
-2 -9.63718970730273
-1 -3.8414709848079
0 0
1 3.8414709848079
2 9.63718970730273
3 10.2700800725388
4 -0.108839924926851
5 -8.97310686657846
6 7.94104206483867


-6 -7.94104206483867 -7.94104206483867 -7.94104206483867
-5.96875 -7.41247491073188 -7.20593414952295 -7.57943932945231
-5.9375 -6.8839077566251 -6.47203761697092 -7.20330751947318
-5.90625 -6.35534060251831 -5.74056384994626 -6.81235659300035
-5.875 -5.82677344841153 -5.01272423121267 -6.40633094562501
-5.84375 -5.29820629430474 -4.28973014353384 -5.98501656777525
-5.8125 -4.76963914019796 -3.57279296967345 -5.54824901667878
-5.78125 -4.24107198609117 -2.86312409239519 -5.09592224273136
-5.75 -3.71250483198439 -2.16193489446276 -4.62799829988623
-5.71875 -3.1839376778776 -1.47043675863983 -4.14451795563795
-5.6875 -2.65537052377081 -0.789841067690108 -3.64561219756623
-5.65625 -2.12680336966403 -0.12135920437727 -3.13151460951361
-5.625 -1.59823621555724 0.533797448534992 -2.60257456058829
-5.59375 -1.06966906145046 1.17441750828299 -2.0592711136708
-5.5625 -0.541101907343672 1.79928959210303 -1.50222751644847
-5.53125 -0.0125347532368876 2.40720231723143 -0.932226086917546
-5.5 0.516032400869896 2.9969443009045 -0.350223246813015
-5.46875 1.04459955497668 3.56730416035855 0.242635608956386
-5.4375 1.57316670908347 4.11707051282989 0.845001789992161
-5.40625 2.10173386319025 4.64503197555483 1.45530999351973
-5.375 2.63030101729704 5.14997716576968 2.07176652768971
-5.34375 3.15886817140382 5.63069470071076 2.69233968378977
-5.3125 3.68743532551061 6.08597319761437 3.3147529327348
-5.28125 4.21600247961739 6.51460127371683 3.93648167459112
-5.25 4.74456963372418 6.91536754625445 4.55475430309161
-5.21875 5.27313678783096 7.28706063246355 5.16655835244172
-5.1875 5.80170394193775 7.62846914958041 5.76865246320862
-5.15625 6.33027109604454 7.93838171484138 6.35758483003423
-5.125 6.85883825015132 8.21558694548274 6.92971866972653
-5.09375 7.38740540425811 8.45887345874082 7.48126506944679
-5.0625 7.91597255836489 8.66702987185192 8.00832333984099
-5.03125 8.44453971247168 8.83884480205237 8.50692870986361
-5 8.97310686657846 8.97310686657846 8.97310686657846
-4.96875 9.4764997864342 9.06902937060985 9.40293447787316
-4.9375 9.92954423778786 9.12752437109958 9.79260445791182
-4.90625 10.3322402206394 9.14992861294401 10.1384943683814
-4.875 10.6845877349889 9.13757884103952 10.4372360208453
-4.84375 10.9865867808363 9.09181180028248 10.685784085887
-4.8125 11.2382373581816 9.01396423556927 10.8814813508951
-4.78125 11.4395394670248 8.90537289179626 11.0221182234689
-4.75 11.5904931073659 8.76737451385981 11.1059841670289
-4.71875 11.691098279205 8.60130584665631 11.1319089846176
-4.6875 11.7413549825419 8.40850363508214 11.0992922295091
-4.65625 11.7412632173768 8.19030462403365 11.0081194983962
-4.625 11.6908229837096 7.94804555840722 10.8589649248313
-4.59375 11.5900342815403 7.68306318309923 10.6529797991021
-4.5625 11.4388971108689 7.39669424300605 10.3918678529688
-4.53125 11.2374114716954 7.09027548302406 10.077848320535
-4.5 10.9855773640198 6.76514364804962 9.71360838091462
-4.46875 10.6833947878422 6.42263548297911 9.3022469732361
-4.4375 10.3308637431624 6.06408773270891 8.84721222945976
-4.40625 9.92798422998061 5.69083714213538 8.35223488713523
-4.375 9.47475624829669 5.3042204561549 7.82126002606631
-4.34375 8.97117979811069 4.90557441966385 7.25837933379746
-4.3125 8.41725487942259 4.49623577755859 6.66776586671205
-4.28125 7.81298149223241 4.0775412747355 6.05361296308936
-4.25 7.15835963654014 3.65082765609095 5.42007861026296
-4.21875 6.45338931234579 3.21743166652131 4.77123619761643
-4.1875 5.69807051964934 2.77869005092297 4.11103222487883
-4.15625 4.89240325845081 2.33593955419229 3.44325120066587
-4.125 4.0363875287502 1.89051692122564 2.77148767362997
-4.09375 3.13002333054749 1.44375889691939 2.09912509660108
-4.0625 2.1733106638427 0.997002226169936 1.42932103635187
-4.03125 1.16624952863582 0.55158365387363 0.764998107516321
-4 0.108839924926851 0.108839924926851 0.108839924926851
-3.96875 -0.950048832156934 -0.330063801449674 -0.536708671775822
-3.9375 -1.96154742748827 -0.76464870873781 -1.169437871175
-3.90625 -2.92565586106715 -1.19460756609507 -1.78736634542441
-3.875 -3.84237413289359 -1.61963314267896 -2.3887325857451
-3.84375 -4.71170224296757 -2.039418207647 -2.97198473425301
-3.8125 -5.5336401912891 -2.4536555301567 -3.53576945767449
-3.78125 -6.30818797785819 -2.86203787936556 -4.07892033373228
-3.75 -7.03534560267482 -3.26425802443111 -4.6004461458168
-3.71875 -7.715113065739 -3.66000873451085 -5.09951940876865
-3.6875 -8.34749036705073 -4.04898277876229 -5.57546538008516
-3.65625 -8.93247750661001 -4.43087292634295 -6.02775174779188
-3.625 -9.47007448441684 -4.80537194641034 -6.45597912917011
-3.59375 -9.96028130047122 -5.17217260812197 -6.85987246364672
-3.5625 -10.4030979547731 -5.53096768063535 -7.23927333826702
-3.53125 -10.7985244473226 -5.88144993310799 -7.59413324492729
-3.5 -11.1465607781197 -6.2233121346974 -7.92450773448603
-3.46875 -11.4472069471642 -6.5562470545611 -8.23055140352585
-3.4375 -11.7004629544564 -6.8799474618566 -8.51251362446569
-3.40625 -11.906328799996 -7.1941061257414 -8.77073490856979
-3.375 -12.0648044837833 -7.49841581537303 -9.00564377392072
-3.34375 -12.175890005818 -7.79256929990899 -9.21775397649414
-3.3125 -12.2395853661004 -8.07625934850679 -9.40766195209673
-3.28125 -12.2558905646302 -8.34917873032395 -9.5760443102192
-3.25 -12.2248056014076 -8.61102021451797 -9.72365521802341
-3.21875 -12.1463304764326 -8.86147657024638 -9.85132351399783
-3.1875 -12.0204651897051 -9.10024056666668 -9.95994939656879
-3.15625 -11.8472097412252 -9.32700497293637 -10.0505005434181
-3.125 -11.6265641309928 -9.54146255821299 -10.1240075326174
-3.09375 -11.358528359008 -9.74330609165402 -10.1815584570114
-3.0625 -11.0431024252707 -9.932228342417 -10.224292648442
-3.03125 -10.680286329781 -10.1079220796594 -10.2533934580622
-3 -10.2700800725388 -10.2700800725388 -10.2700800725388
-2.96875 -9.8491200942393 -10.4184916294048 -10.2755983825089
-2.9375 -9.45404283557759 -10.5533322153756 -10.2712109580985
-2.90625 -9.08484829655368 -10.6748738347614 -10.2581862252495
-2.875 -8.74153647716757 -10.7833884918726 -10.2377869744593
-2.84375 -8.42410737741925 -10.8791481910195 -10.2112583686549
-2.8125 -8.13256099730874 -10.9624249365123 -10.1798156475957
-2.78125 -7.86689733683602 -11.0334907326614 -10.1446317508482
-2.75 -7.62711639600111 -11.0926175837771 -10.1068250986159
-2.71875 -7.41321817480399 -11.1400774941696 -10.0674477784753
-2.6875 -7.22520267324467 -11.1761424681493 -10.0274743857119
-2.65625 -7.06306989132315 -11.2010845100265 -9.98779175527905
-2.625 -6.92681982903943 -11.2151756241115 -9.9491898047469
-2.59375 -6.8164524863935 -11.2186878147145 -9.91235368076998
-2.5625 -6.73196786338538 -11.2118930861459 -9.87785736785358
-2.53125 -6.67336596001505 -11.1950634427159 -9.84615887916435
-2.5 -6.64064677628253 -11.1684708887349 -9.81759710669829
-2.46875 -6.6338103121878 -11.1323874285132 -9.79239036430616
-2.4375 -6.65285656773087 -11.087085066361 -9.77063661389431
-2.40625 -6.69778554291174 -11.0328358065887 -9.75231532444819
-2.375 -6.76859723773041 -10.9699116535066 -9.73729087700162
-2.34375 -6.86529165218687 -10.8985846114249 -9.72531739760221
-2.3125 -6.98786878628114 -10.819126684654 -9.71604487561844
-2.28125 -7.1363286400132 -10.7318098775042 -9.7090264069028
-2.25 -7.31067121338307 -10.6369061942857 -9.70372639046941
-2.21875 -7.51089650639073 -10.5346876393089 -9.69952950319509
-2.1875 -7.73700451903619 -10.425426216884 -9.69575027902975
-2.15625 -7.98899525131945 -10.3093939313214 -9.69164312647831
-2.125 -8.26686870324051 -10.1868627869313 -9.68641262970117
-2.09375 -8.57062487479936 -10.0581047880241 -9.67922399338942
-2.0625 -8.90026376599602 -9.92339193891012 -9.66921350850156
-2.03125 -9.25578537683047 -9.78299624389954 -9.65549893393778
-2 -9.63718970730273 -9.63718970730273 -9.63718970730273
-1.96875 -10.0135522132073 -9.4862473650771 -9.61339691521902
-1.9375 -10.3539483503389 -9.33045637976864 -9.58324296949909
-1.90625 -10.6583781186974 -9.17010694557045 -9.54587094931657
-1.875 -10.9268415182828 -9.00548925667564 -9.50045358095201
-1.84375 -11.1593385490951 -8.83689350727731 -9.44620183548464
-1.8125 -11.3558692111344 -8.66460989156858 -9.38237313086134
-1.78125 -11.5164335044006 -8.48892860374255 -9.30827912812333
-1.75 -11.6410314288937 -8.31013983799232 -9.22329311233942
-1.71875 -11.7296629846138 -8.12853378851101 -9.12685694720668
-1.6875 -11.7823281715608 -7.94440064949172 -9.01848758863216
-1.65625 -11.7990269897347 -7.75803061512756 -8.89778313726255
-1.625 -11.7797594391355 -7.56971387961163 -8.76442840329065
-1.59375 -11.7245255197633 -7.37974063713705 -8.61819994938579
-1.5625 -11.633325231618 -7.18840108189692 -8.4589705697419
-1.53125 -11.5061585746997 -6.99598540808435 -8.28671315550515
-1.5 -11.3430255490082 -6.80278380989244 -8.10150388973064
-1.46875 -11.1439261545437 -6.60908648151431 -7.90352470901951
-1.4375 -10.9088603913062 -6.41518361714305 -7.6930649645822
-1.40625 -10.6378282592955 -6.22136541097179 -7.47052221310794
-1.375 -10.3308297585118 -6.02792205719361 -7.23640206789481
-1.34375 -9.98786488895505 -5.83514375000164 -6.99131704354645
-1.3125 -9.6089336506252 -5.64332068358897 -6.73598433342526
-1.28125 -9.19403604352229 -5.45274305214873 -6.47122246812195
-1.25 -8.7431720676463 -5.263701049874 -6.19794681549749
-1.21875 -8.25634172299725 -5.07648487095791 -5.91716389828303
-1.1875 -7.73354500957512 -4.89138470959355 -5.62996452355434
-1.15625 -7.17478192737992 -4.70869075997404 -5.33751573925305
-1.125 -6.58005247641166 -4.52869321629248 -5.04105165578927
-1.09375 -5.94935665667032 -4.35168227274198 -4.74186319497782
-1.0625 -5.28269446815592 -4.17794812351564 -4.44128685337138
-1.03125 -4.58006591086844 -4.00778096280658 -4.14069259161008
-1 -3.8414709848079 -3.8414709848079 -3.8414709848079
-0.96875 -3.10478450380369 -3.67923841709248 -3.54501979033462
-0.9375 -2.40788128168522 -3.52102362075232 -3.25273010775094
-0.90625 -1.75076131845249 -3.36669699025918 -2.96597232032124
-0.875 -1.1334246141055 -3.21612892008482 -2.68608201779342
-0.84375 -0.555871168644244 -3.06918980470102 -2.414346105492
-0.8125 -0.0181009820687321 -2.92575003857954 -2.15198930491061
-0.78125 0.47988594562104 -2.78568001619213 -1.90016124581836
-0.75 0.938089614425073 -2.64885013201058 -1.65992433954315
-0.71875 1.35651002434337 -2.51513078050665 -1.43224260791724
-0.6875 1.73514717537592 -2.3843923561521 -1.21797162292066
-0.65625 2.07400106752273 -2.25650525341869 -1.01784968906857
-0.625 2.37307170078381 -2.1313398667782 -0.83249037492369
-0.59375 2.63235907515914 -2.00876659070239 -0.662376472728601
-0.5625 2.85186319064874 -1.88865581966303 -0.507855437038264
-0.53125 3.0315840472526 -1.77087794813188 -0.369136325370019
-0.5 3.17152164497071 -1.6553033705807 -0.246288237197022
-0.46875 3.27167598380309 -1.54180248148128 -0.139240222909463
-0.4375 3.33204706374973 -1.43024567530536 -0.047782612337488
-0.40625 3.35263488481062 -1.32050334652471 0.0284303064081994
-0.375 3.33343944698578 -1.21244588961111 0.0898763423209537
-0.34375 3.2744607502752 -1.10594369903632 0.137160287242031
-0.3125 3.17569879467888 -1.0008671692721 0.1710077359846
-0.28125 3.03715358019682 -0.89708669479022 0.192257949203196
-0.25 2.85882510682902 -0.794472670062447 0.201855868474633
-0.21875 2.64071337457548 -0.692895489560546 0.200843391324666
-0.1875 2.3828183834362 -0.592225547756283 0.190350009866043
-0.15625 2.08514013341118 -0.492333239121424 0.171582910858813
-0.125 1.74767862450043 -0.393088958127735 0.145816627940948
-0.09375 1.37043385670393 -0.294363099246982 0.114382329085391
-0.0625 0.953405830021691 -0.196026056950931 0.0786568145742209
-0.03125 0.496594544453716 -0.097948225711348 0.0400512934540363
0 -1.77635683940025E-15 8.88178419700125E-16 0
0.03125 -0.496594544453716 0.0979482257113488 -0.0400512934540363
0.0625 -0.953405830021693 0.196026056950932 -0.0786568145742208
0.09375 -1.37043385670393 0.294363099246983 -0.114382329085391
0.125 -1.74767862450043 0.393088958127735 -0.145816627940948
0.15625 -2.08514013341119 0.492333239121424 -0.171582910858813
0.1875 -2.3828183834362 0.592225547756283 -0.190350009866043
0.21875 -2.64071337457548 0.692895489560546 -0.200843391324666
0.25 -2.85882510682902 0.794472670062447 -0.201855868474633
0.28125 -3.03715358019682 0.89708669479022 -0.192257949203196
0.3125 -3.17569879467888 1.0008671692721 -0.1710077359846
0.34375 -3.2744607502752 1.10594369903632 -0.137160287242031
0.375 -3.33343944698579 1.21244588961111 -0.0898763423209536
0.40625 -3.35263488481063 1.32050334652471 -0.0284303064081992
0.4375 -3.33204706374973 1.43024567530536 0.0477826123374878
0.46875 -3.27167598380309 1.54180248148128 0.139240222909463
0.5 -3.17152164497071 1.6553033705807 0.246288237197022
0.53125 -3.0315840472526 1.77087794813188 0.369136325370019
0.5625 -2.85186319064874 1.88865581966303 0.507855437038264
0.59375 -2.63235907515915 2.00876659070239 0.662376472728601
0.625 -2.37307170078381 2.1313398667782 0.83249037492369
0.65625 -2.07400106752274 2.25650525341869 1.01784968906857
0.6875 -1.73514717537592 2.3843923561521 1.21797162292066
0.71875 -1.35651002434337 2.51513078050665 1.43224260791724
0.75 -0.938089614425076 2.64885013201058 1.65992433954315
0.78125 -0.479885945621042 2.78568001619213 1.90016124581836
0.8125 0.0181009820687288 2.92575003857953 2.15198930491061
0.84375 0.555871168644242 3.06918980470102 2.41434610549199
0.875 1.13342461410549 3.21612892008482 2.68608201779342
0.90625 1.75076131845248 3.36669699025918 2.96597232032124
0.9375 2.40788128168522 3.52102362075232 3.25273010775094
0.96875 3.10478450380368 3.67923841709248 3.54501979033463
1 3.84147098480789 3.8414709848079 3.8414709848079
1.03125 4.58006591086844 4.00778096280658 4.14069259161008
1.0625 5.28269446815592 4.17794812351564 4.44128685337138
1.09375 5.94935665667032 4.35168227274197 4.74186319497781
1.125 6.58005247641166 4.52869321629247 5.04105165578927
1.15625 7.17478192737992 4.70869075997403 5.33751573925305
1.1875 7.73354500957512 4.89138470959355 5.62996452355434
1.21875 8.25634172299724 5.0764848709579 5.91716389828304
1.25 8.7431720676463 5.263701049874 6.19794681549749
1.28125 9.19403604352229 5.45274305214872 6.47122246812195
1.3125 9.6089336506252 5.64332068358897 6.73598433342526
1.34375 9.98786488895505 5.83514375000164 6.99131704354645
1.375 10.3308297585118 6.02792205719361 7.23640206789481
1.40625 10.6378282592955 6.22136541097178 7.47052221310795
1.4375 10.9088603913062 6.41518361714305 7.6930649645822
1.46875 11.1439261545437 6.60908648151431 7.90352470901951
1.5 11.3430255490082 6.80278380989244 8.10150388973065
1.53125 11.5061585746997 6.99598540808435 8.28671315550515
1.5625 11.633325231618 7.18840108189692 8.4589705697419
1.59375 11.7245255197633 7.37974063713705 8.61819994938579
1.625 11.7797594391355 7.56971387961163 8.76442840329065
1.65625 11.7990269897347 7.75803061512756 8.89778313726255
1.6875 11.7823281715608 7.94440064949172 9.01848758863217
1.71875 11.7296629846138 8.12853378851101 9.12685694720667
1.75 11.6410314288937 8.31013983799232 9.22329311233942
1.78125 11.5164335044006 8.48892860374254 9.30827912812333
1.8125 11.3558692111344 8.66460989156858 9.38237313086133
1.84375 11.1593385490951 8.83689350727731 9.44620183548464
1.875 10.9268415182828 9.00548925667564 9.50045358095202
1.90625 10.6583781186974 9.17010694557045 9.54587094931657
1.9375 10.3539483503389 9.33045637976864 9.5832429694991
1.96875 10.0135522132073 9.4862473650771 9.61339691521902
2 9.63718970730273 9.63718970730273 9.63718970730273
2.03125 9.25578537683047 9.78299624389954 9.65549893393778
2.0625 8.90026376599602 9.92339193891012 9.66921350850156
2.09375 8.57062487479936 10.0581047880241 9.67922399338942
2.125 8.26686870324051 10.1868627869313 9.68641262970117
2.15625 7.98899525131945 10.3093939313214 9.69164312647831
2.1875 7.73700451903619 10.425426216884 9.69575027902976
2.21875 7.51089650639073 10.5346876393089 9.69952950319509
2.25 7.31067121338307 10.6369061942857 9.70372639046941
2.28125 7.1363286400132 10.7318098775042 9.70902640690281
2.3125 6.98786878628114 10.819126684654 9.71604487561844
2.34375 6.86529165218687 10.8985846114249 9.72531739760221
2.375 6.76859723773041 10.9699116535066 9.73729087700161
2.40625 6.69778554291174 11.0328358065887 9.75231532444819
2.4375 6.65285656773087 11.087085066361 9.77063661389431
2.46875 6.6338103121878 11.1323874285132 9.79239036430616
2.5 6.64064677628253 11.1684708887349 9.8175971066983
2.53125 6.67336596001505 11.1950634427159 9.84615887916435
2.5625 6.73196786338538 11.2118930861459 9.87785736785358
2.59375 6.8164524863935 11.2186878147145 9.91235368076998
2.625 6.92681982903943 11.2151756241115 9.9491898047469
2.65625 7.06306989132315 11.2010845100265 9.98779175527904
2.6875 7.22520267324467 11.1761424681493 10.0274743857119
2.71875 7.41321817480399 11.1400774941696 10.0674477784753
2.75 7.6271163960011 11.0926175837771 10.1068250986159
2.78125 7.86689733683602 11.0334907326614 10.1446317508482
2.8125 8.13256099730874 10.9624249365123 10.1798156475957
2.84375 8.42410737741925 10.8791481910195 10.2112583686549
2.875 8.74153647716757 10.7833884918726 10.2377869744593
2.90625 9.08484829655368 10.6748738347614 10.2581862252495
2.9375 9.45404283557759 10.5533322153756 10.2712109580985
2.96875 9.8491200942393 10.4184916294048 10.2755983825089
3 10.2700800725388 10.2700800725388 10.2700800725388
3.03125 10.680286329781 10.1079220796594 10.2533934580621
3.0625 11.0431024252707 9.932228342417 10.224292648442
3.09375 11.358528359008 9.74330609165402 10.1815584570114
3.125 11.6265641309928 9.54146255821299 10.1240075326174
3.15625 11.8472097412252 9.32700497293638 10.0505005434181
3.1875 12.0204651897051 9.10024056666668 9.9599493965688
3.21875 12.1463304764326 8.86147657024638 9.85132351399783
3.25 12.2248056014076 8.61102021451798 9.72365521802342
3.28125 12.2558905646302 8.34917873032395 9.57604431021919
3.3125 12.2395853661003 8.07625934850679 9.40766195209674
3.34375 12.175890005818 7.79256929990899 9.21775397649414
3.375 12.0648044837833 7.49841581537303 9.00564377392072
3.40625 11.906328799996 7.1941061257414 8.77073490856979
3.4375 11.7004629544564 6.8799474618566 8.51251362446569
3.46875 11.4472069471642 6.5562470545611 8.23055140352585
3.5 11.1465607781196 6.2233121346974 7.92450773448603
3.53125 10.7985244473226 5.88144993310799 7.59413324492729
3.5625 10.4030979547731 5.53096768063535 7.23927333826702
3.59375 9.96028130047122 5.17217260812197 6.85987246364672
3.625 9.47007448441684 4.80537194641034 6.45597912917011
3.65625 8.93247750661001 4.43087292634295 6.02775174779188
3.6875 8.34749036705073 4.0489827787623 5.57546538008516
3.71875 7.715113065739 3.66000873451085 5.09951940876865
3.75 7.03534560267482 3.26425802443111 4.6004461458168
3.78125 6.30818797785819 2.86203787936556 4.07892033373228
3.8125 5.53364019128911 2.4536555301567 3.53576945767449
3.84375 4.71170224296757 2.039418207647 2.97198473425301
3.875 3.84237413289359 1.61963314267896 2.3887325857451
3.90625 2.92565586106715 1.19460756609507 1.78736634542441
3.9375 1.96154742748827 0.764648708737811 1.169437871175
3.96875 0.950048832156934 0.330063801449674 0.536708671775822
4 -0.108839924926851 -0.108839924926851 -0.108839924926851
4.03125 -1.16624952863582 -0.551583653873629 -0.764998107516321
4.0625 -2.1733106638427 -0.997002226169935 -1.42932103635187
4.09375 -3.13002333054749 -1.4437588969194 -2.09912509660108
4.125 -4.0363875287502 -1.89051692122564 -2.77148767362997
4.15625 -4.89240325845081 -2.33593955419229 -3.44325120066587
4.1875 -5.69807051964934 -2.77869005092297 -4.11103222487883
4.21875 -6.45338931234579 -3.21743166652131 -4.77123619761643
4.25 -7.15835963654014 -3.65082765609095 -5.42007861026296
4.28125 -7.81298149223241 -4.0775412747355 -6.05361296308937
4.3125 -8.41725487942259 -4.49623577755859 -6.66776586671205
4.34375 -8.97117979811068 -4.90557441966385 -7.25837933379745
4.375 -9.47475624829669 -5.3042204561549 -7.82126002606631
4.40625 -9.92798422998061 -5.69083714213538 -8.35223488713523
4.4375 -10.3308637431624 -6.06408773270891 -8.84721222945976
4.46875 -10.6833947878422 -6.42263548297912 -9.3022469732361
4.5 -10.9855773640198 -6.76514364804962 -9.71360838091463
4.53125 -11.2374114716954 -7.09027548302406 -10.077848320535
4.5625 -11.4388971108689 -7.39669424300605 -10.3918678529688
4.59375 -11.5900342815403 -7.68306318309923 -10.6529797991021
4.625 -11.6908229837096 -7.94804555840722 -10.8589649248313
4.65625 -11.7412632173768 -8.19030462403365 -11.0081194983962
4.6875 -11.7413549825419 -8.40850363508214 -11.0992922295091
4.71875 -11.691098279205 -8.60130584665632 -11.1319089846176
4.75 -11.5904931073659 -8.76737451385981 -11.1059841670289
4.78125 -11.4395394670248 -8.90537289179626 -11.0221182234689
4.8125 -11.2382373581816 -9.01396423556927 -10.8814813508951
4.84375 -10.9865867808363 -9.09181180028248 -10.685784085887
4.875 -10.6845877349889 -9.13757884103952 -10.4372360208453
4.90625 -10.3322402206394 -9.14992861294401 -10.1384943683814
4.9375 -9.92954423778786 -9.12752437109958 -9.79260445791182
4.96875 -9.4764997864342 -9.06902937060986 -9.40293447787316
5 -8.97310686657846 -8.97310686657846 -8.97310686657846
5.03125 -8.44453971247168 -8.83884480205237 -8.5069287098636
5.0625 -7.91597255836489 -8.66702987185193 -8.00832333984098
5.09375 -7.38740540425811 -8.45887345874082 -7.48126506944679
5.125 -6.85883825015132 -8.21558694548274 -6.92971866972653
5.15625 -6.33027109604454 -7.93838171484138 -6.35758483003423
5.1875 -5.80170394193775 -7.62846914958042 -5.76865246320862
5.21875 -5.27313678783096 -7.28706063246355 -5.16655835244172
5.25 -4.74456963372418 -6.91536754625446 -4.55475430309161
5.28125 -4.21600247961739 -6.51460127371684 -3.93648167459112
5.3125 -3.68743532551061 -6.08597319761438 -3.3147529327348
5.34375 -3.15886817140382 -5.63069470071076 -2.69233968378977
5.375 -2.63030101729704 -5.14997716576968 -2.07176652768971
5.40625 -2.10173386319025 -4.64503197555483 -1.45530999351973
5.4375 -1.57316670908347 -4.11707051282989 -0.84500178999216
5.46875 -1.04459955497668 -3.56730416035855 -0.242635608956386
5.5 -0.516032400869896 -2.9969443009045 0.350223246813015
5.53125 0.0125347532368885 -2.40720231723143 0.932226086917546
5.5625 0.541101907343673 -1.79928959210303 1.50222751644847
5.59375 1.06966906145046 -1.17441750828299 2.0592711136708
5.625 1.59823621555724 -0.533797448534992 2.60257456058829
5.65625 2.12680336966403 0.121359204377269 3.13151460951361
5.6875 2.65537052377082 0.789841067690107 3.64561219756623
5.71875 3.1839376778776 1.47043675863983 4.14451795563795
5.75 3.71250483198439 2.16193489446276 4.62799829988623
5.78125 4.24107198609117 2.86312409239519 5.09592224273136
5.8125 4.76963914019796 3.57279296967345 5.54824901667878
5.84375 5.29820629430474 4.28973014353384 5.98501656777525
5.875 5.82677344841153 5.01272423121267 6.40633094562501
5.90625 6.35534060251831 5.74056384994626 6.81235659300035
5.9375 6.8839077566251 6.47203761697092 7.20330751947318
5.96875 7.41247491073188 7.20593414952295 7.57943932945231
6 7.94104206483867 7.94104206483867 7.94104206483867


-3 0.00443184841193801
-2.5 0.0175283004935685
-2 0.0539909665131881
-1.5 0.129517595665892
-1 0.241970724519143
-0.5 0.3520653267643
0 0.398942280401433
0.5 0.3520653267643
1 0.241970724519143
1.5 0.129517595665892
2 0.0539909665131881
2.5 0.0175283004935685
3 0.00443184841193801


-3 0.00443184841193801 0.00443184841193801 0.00443184841193801
-2.96875 0.00482577224461852 0.00499386937680995 0.0047309656294179
-2.9375 0.00527631000028856 0.00556192580733437 0.00506835139054724
-2.90625 0.00578346167894811 0.00614205316916372 0.00544918569465539
-2.875 0.00634722728059719 0.00674028692795049 0.00587925046686163
-2.84375 0.00696760680523578 0.00736266254934713 0.00636494290494095
-2.8125 0.00764460025286389 0.00801521549900612 0.00691326289097304
-2.78125 0.00837820762348152 0.00870398124257993 0.00753176358850339
-2.75 0.00916842891708867 0.00943499524572103 0.00822845264041186
-2.71875 0.0100152641336853 0.0102142929740819 0.00901163059730594
-2.6875 0.0109187132732715 0.011047909893315 0.00988965418578031
-2.65625 0.0118787763358472 0.0119418814690727 0.0108706158337403
-2.625 0.0128954533214125 0.0129022431670077 0.0119619386258023
-2.59375 0.0139687442299672 0.0139350304527723 0.0131698983935239
-2.5625 0.0150986490615115 0.015046278792019 0.0144991019336435
-2.53125 0.0162851678160452 0.0162420236504002 0.015951970841383
-2.5 0.0175283004935685 0.0175283004935685 0.0175283004935685
-2.46875 0.0188627074442871 0.0189108139635986 0.0192249775385653
-2.4375 0.0203230490184067 0.0203939454082541 0.0210359399306918
-2.40625 0.0219093252159273 0.0219817453517208 0.0229524452598129
-2.375 0.0236215360368489 0.0236782643181847 0.0249636741584081
-2.34375 0.0254596814811716 0.0254875528318316 0.0270576408527839
-2.3125 0.0274237615488953 0.0274136614168474 0.0292223243726849
-2.28125 0.02951377624002 0.0294606405974179 0.0314468874411634
-2.25 0.0317297255545457 0.0316325408977292 0.0337228298205779
-2.21875 0.0340716094924724 0.033933412841967 0.0360449354760801
-2.1875 0.0365394280538001 0.0363673069543171 0.0384119143619067
-2.15625 0.0391331812385289 0.0389382737589656 0.040826697088506
-2.125 0.0418528690466587 0.0416503637800983 0.0432963978504728
-2.09375 0.0446984914781895 0.044507627541901 0.0458320041275881
-2.0625 0.0476700485331213 0.0475141155685596 0.0484478738446691
-2.03125 0.0507675402114542 0.05067387838426 0.0511611221863286
-2 0.0539909665131881 0.0539909665131881 0.0539909665131881
-1.96875 0.0573669864209105 0.0574688815900656 0.0569580761599313
-1.9375 0.0609222589172092 0.0611089296917583 0.060083950968902
-1.90625 0.0646567840020841 0.0649118680056676 0.0633903328241843
-1.875 0.0685705616755352 0.068878453719195 0.0668986405524087
-1.84375 0.0726635919375625 0.073009444019742 0.0706294109707244
-1.8125 0.0769358747881659 0.0773055960947102 0.0746017272075546
-1.78125 0.0813874102273456 0.0817676671315011 0.0788326189164824
-1.75 0.0860181982551015 0.0863964143175162 0.0833364268183924
-1.71875 0.0908282388714336 0.0911925948401571 0.088124135360159
-1.6875 0.0958175320763419 0.0961569658868252 0.0932026913385846
-1.65625 0.100986077869826 0.101290284644922 0.0985743420191145
-1.625 0.106333876251887 0.106593308301849 0.104236042013075
-1.59375 0.111860927222524 0.112066794045008 0.110178991771992
-1.5625 0.117567230781737 0.117711499061801 0.116388379227474
-1.53125 0.123452786929526 0.123528180539628 0.122843396771458
-1.5 0.129517595665892 0.129517595665892 0.129517595665892
-1.46875 0.135726648541712 0.135678673709469 0.13637961748411
-1.4375 0.142044937107868 0.142003032265143 0.143394307773788
-1.40625 0.148472461364357 0.148480461009171 0.150524173961049
-1.375 0.155009221311181 0.15510074961781 0.15773110350433
-1.34375 0.161655216948339 0.16185368776732 0.164978217305681
-1.3125 0.168410448275831 0.168729065133958 0.172231705538718
-1.28125 0.175274915293658 0.175716671393982 0.179462484708071
-1.25 0.182248618001819 0.182806296223649 0.186647528613154
-1.21875 0.189331556400314 0.189987729299219 0.193770760041061
-1.1875 0.196523730489144 0.19725076029695 0.20082343831232
-1.15625 0.203825140268308 0.204585178893098 0.207804031466946
-1.125 0.211235785737807 0.211980774763923 0.214717611776515
-1.09375 0.218755666897639 0.219427337585681 0.221574852107978
-1.0625 0.226384783747806 0.226914657034632 0.228390724405301
-1.03125 0.234123136288308 0.234432522787034 0.235183009740935
-1 0.241970724519143 0.241970724519143 0.241970724519143
-0.96875 0.249809099755416 0.249517843241561 0.248772553735007
-0.9375 0.257519813312229 0.257057625302255 0.255605364396269
-0.90625 0.265102865189582 0.264572608383534 0.262482854382141
-0.875 0.272558255387474 0.272045330167709 0.269414376994318
-0.84375 0.279885983905907 0.279458328337088 0.276403970667704
-0.8125 0.287086050744879 0.286794140573981 0.283449616844647
-0.78125 0.294158455904392 0.294035304560698 0.290542745932818
-0.75 0.301103199384444 0.301164357979548 0.297668009935868
-0.71875 0.307920281185036 0.308163838512841 0.304803338815816
-0.6875 0.314609701306168 0.315016283842887 0.311920293980682
-0.65625 0.32117145974784 0.321704231651995 0.318984724892584
-0.625 0.327605556510052 0.328210219622474 0.32595772270203
-0.59375 0.333911991592804 0.334516785436635 0.332796847973482
-0.5625 0.340090764996096 0.340606466776786 0.339457588983326
-0.53125 0.346141876719928 0.346461801325238 0.345894984838055
-0.5 0.3520653267643 0.3520653267643 0.3520653267643
-0.46875 0.357741832868796 0.357400976244231 0.357927834815868
-0.4375 0.363052112773003 0.362458264787094 0.363446199223367
-0.40625 0.367996166476919 0.367228102882899 0.368589878117178
-0.375 0.372573993980545 0.371701401021659 0.3733350573466
-0.34375 0.376785595283881 0.375869069693384 0.377665202730085
-0.3125 0.380630970386928 0.379722019388087 0.381571167646751
-0.28125 0.384110119289684 0.38325116059578 0.385050855422587
-0.25 0.387223041992149 0.386447403806473 0.388108471905469
-0.21875 0.389969738494325 0.389301659510178 0.390753434694454
-0.1875 0.392350208796211 0.391804838196907 0.39299902849211
-0.15625 0.394364452897806 0.393947850356671 0.394860909320675
-0.125 0.396012470799112 0.395721606479483 0.396355563839139
-0.09375 0.397294262500127 0.397117017055353 0.397498825023136
-0.0625 0.398209828000852 0.398124992574294 0.398304534169735
-0.03125 0.398759167301288 0.398736443526317 0.398783423970009
0 0.398942280401433 0.398942280401433 0.398942280401433
0.03125 0.398759167301288 0.398736443526317 0.398783423970009
0.0625 0.398209828000852 0.398124992574294 0.398304534169735
0.09375 0.397294262500127 0.397117017055353 0.397498825023136
0.125 0.396012470799112 0.395721606479483 0.396355563839139
0.15625 0.394364452897806 0.393947850356671 0.394860909320675
0.1875 0.392350208796211 0.391804838196907 0.39299902849211
0.21875 0.389969738494325 0.389301659510178 0.390753434694455
0.25 0.387223041992149 0.386447403806473 0.388108471905469
0.28125 0.384110119289684 0.38325116059578 0.385050855422587
0.3125 0.380630970386928 0.379722019388087 0.381571167646751
0.34375 0.376785595283881 0.375869069693384 0.377665202730085
0.375 0.372573993980545 0.371701401021659 0.3733350573466
0.40625 0.367996166476919 0.367228102882899 0.368589878117177
0.4375 0.363052112773003 0.362458264787094 0.363446199223367
0.46875 0.357741832868796 0.357400976244231 0.357927834815868
0.5 0.3520653267643 0.3520653267643 0.3520653267643
0.53125 0.346141876719928 0.346461801325238 0.345894984838055
0.5625 0.340090764996096 0.340606466776786 0.339457588983326
0.59375 0.333911991592804 0.334516785436635 0.332796847973482
0.625 0.327605556510052 0.328210219622474 0.32595772270203
0.65625 0.32117145974784 0.321704231651995 0.318984724892584
0.6875 0.314609701306168 0.315016283842887 0.311920293980682
0.71875 0.307920281185036 0.308163838512841 0.304803338815816
0.75 0.301103199384444 0.301164357979548 0.297668009935868
0.78125 0.294158455904392 0.294035304560698 0.290542745932818
0.8125 0.287086050744879 0.286794140573981 0.283449616844647
0.84375 0.279885983905907 0.279458328337088 0.276403970667704
0.875 0.272558255387474 0.272045330167709 0.269414376994318
0.90625 0.265102865189582 0.264572608383534 0.262482854382141
0.9375 0.257519813312229 0.257057625302255 0.255605364396269
0.96875 0.249809099755416 0.249517843241561 0.248772553735007
1 0.241970724519143 0.241970724519143 0.241970724519143
1.03125 0.234123136288308 0.234432522787034 0.235183009740934
1.0625 0.226384783747806 0.226914657034632 0.228390724405301
1.09375 0.218755666897639 0.219427337585681 0.221574852107978
1.125 0.211235785737807 0.211980774763923 0.214717611776515
1.15625 0.203825140268308 0.204585178893098 0.207804031466946
1.1875 0.196523730489144 0.19725076029695 0.20082343831232
1.21875 0.189331556400314 0.189987729299219 0.193770760041061
1.25 0.182248618001819 0.182806296223649 0.186647528613154
1.28125 0.175274915293658 0.175716671393982 0.179462484708071
1.3125 0.168410448275831 0.168729065133958 0.172231705538718
1.34375 0.161655216948339 0.16185368776732 0.164978217305681
1.375 0.155009221311181 0.15510074961781 0.15773110350433
1.40625 0.148472461364357 0.148480461009171 0.150524173961049
1.4375 0.142044937107868 0.142003032265143 0.143394307773788
1.46875 0.135726648541712 0.135678673709469 0.13637961748411
1.5 0.129517595665892 0.129517595665892 0.129517595665892
1.53125 0.123452786929526 0.123528180539628 0.122843396771458
1.5625 0.117567230781737 0.117711499061801 0.116388379227474
1.59375 0.111860927222524 0.112066794045008 0.110178991771992
1.625 0.106333876251887 0.106593308301849 0.104236042013075
1.65625 0.100986077869826 0.101290284644922 0.0985743420191145
1.6875 0.0958175320763419 0.0961569658868252 0.0932026913385846
1.71875 0.0908282388714336 0.0911925948401571 0.088124135360159
1.75 0.0860181982551015 0.0863964143175162 0.0833364268183924
1.78125 0.0813874102273456 0.0817676671315011 0.0788326189164823
1.8125 0.0769358747881659 0.0773055960947102 0.0746017272075546
1.84375 0.0726635919375625 0.073009444019742 0.0706294109707244
1.875 0.0685705616755352 0.068878453719195 0.0668986405524087
1.90625 0.0646567840020841 0.0649118680056676 0.0633903328241843
1.9375 0.0609222589172092 0.0611089296917583 0.060083950968902
1.96875 0.0573669864209106 0.0574688815900657 0.0569580761599313
2 0.0539909665131881 0.0539909665131881 0.0539909665131881
2.03125 0.0507675402114542 0.05067387838426 0.0511611221863286
2.0625 0.0476700485331213 0.0475141155685596 0.0484478738446691
2.09375 0.0446984914781895 0.044507627541901 0.0458320041275881
2.125 0.0418528690466587 0.0416503637800983 0.0432963978504728
2.15625 0.0391331812385289 0.0389382737589656 0.0408266970885061
2.1875 0.0365394280538001 0.0363673069543171 0.0384119143619067
2.21875 0.0340716094924724 0.033933412841967 0.0360449354760801
2.25 0.0317297255545457 0.0316325408977292 0.0337228298205779
2.28125 0.02951377624002 0.0294606405974179 0.0314468874411634
2.3125 0.0274237615488953 0.0274136614168474 0.0292223243726849
2.34375 0.0254596814811716 0.0254875528318316 0.0270576408527839
2.375 0.0236215360368489 0.0236782643181847 0.0249636741584081
2.40625 0.0219093252159273 0.0219817453517208 0.0229524452598129
2.4375 0.0203230490184067 0.0203939454082541 0.0210359399306918
2.46875 0.0188627074442871 0.0189108139635986 0.0192249775385653
2.5 0.0175283004935685 0.0175283004935686 0.0175283004935685
2.53125 0.0162851678160452 0.0162420236504002 0.015951970841383
2.5625 0.0150986490615115 0.015046278792019 0.0144991019336435
2.59375 0.0139687442299672 0.0139350304527723 0.0131698983935239
2.625 0.0128954533214125 0.0129022431670077 0.0119619386258023
2.65625 0.0118787763358472 0.0119418814690727 0.0108706158337403
2.6875 0.0109187132732715 0.011047909893315 0.0098896541857803
2.71875 0.0100152641336853 0.0102142929740819 0.00901163059730594
2.75 0.00916842891708867 0.00943499524572102 0.00822845264041186
2.78125 0.00837820762348152 0.00870398124257993 0.00753176358850339
2.8125 0.00764460025286389 0.00801521549900612 0.00691326289097303
2.84375 0.00696760680523578 0.00736266254934713 0.00636494290494095
2.875 0.00634722728059719 0.00674028692795048 0.00587925046686163
2.90625 0.00578346167894811 0.00614205316916372 0.00544918569465539
2.9375 0.00527631000028856 0.00556192580733436 0.00506835139054724
2.96875 0.00482577224461853 0.00499386937680995 0.0047309656294179
3 0.00443184841193801 0.004431848411938 0.00443184841193801


-1 -6.74580367287875
-0.8 1.42599446253296
-0.6 1.78148482533537
-0.4 -2.20185727080188
-0.2 1.12901665373691
0 0
0.2 -0.507299883494697
0.4 0.444547316096115
0.6 -0.161612657170572
0.8 -0.0581266771537893
1 0.123553704086744
1.2 -0.0821522155444196


-1 -6.74580367287875 -6.74580367287875 -6.74580367287875
-0.96875 -5.84186663708839 -5.22216550610415 -5.94787047557972
-0.9375 -4.79981611134702 -3.73558360180951 -4.98096173627538
-0.90625 -3.61965209565465 -2.32311422247478 -3.81829635234648
-0.875 -2.30137459001127 -1.02181363057993 -2.44715340394478
-0.84375 -0.844983594416876 0.131261911395093 -0.889417373246139
-0.8125 0.749520891128523 1.09905614097032 0.769627492012699
-0.78125 2.36371999270987 1.84607650921779 2.35751591308303
-0.75 3.51078056200968 2.36022825517247 3.62712099723593
-0.71875 4.13807198839905 2.64742828137551 4.33449604812883
-0.6875 4.24559427187797 2.71405681290196 4.35624460496617
-0.65625 3.83334741244645 2.56649407482686 3.75529081435559
-0.625 2.90133141010447 2.21112029222528 2.73592882941445
-0.59375 1.46609988949529 1.65442868781296 1.53796821844993
-0.5625 0.0739224638456357 0.926867984134543 0.357177185274312
-0.53125 -1.01034287255274 0.112334787786833 -0.677289295139603
-0.5 -1.78669611969982 -0.698042445628417 -1.48961123566736
-0.46875 -2.25513727759563 -1.41313526050945 -2.03610677901686
-0.4375 -2.41566634624015 -1.94181520125453 -2.2913014757628
-0.40625 -2.26828332563339 -2.19295381226189 -2.24609886592399
-0.375 -1.8957673275731 -2.09208869788118 -1.91710751199264
-0.34375 -1.46885027014216 -1.6879300617904 -1.36022154378614
-0.3125 -0.992705847827938 -1.08439443125654 -0.674860203568998
-0.28125 -0.467334060630424 -0.385658740733354 0.013848455284942
-0.25 0.107265091450381 0.304100075325417 0.591572270160391
-0.21875 0.731091608414474 0.880705082466023 0.987718054741596
-0.1875 1.37884766430914 1.24168887480195 1.18462708623419
-0.15625 1.81652836907176 1.35104196949773 1.20392761714724
-0.125 1.98721361430872 1.25908607636302 1.08542503665904
-0.09375 1.89090340002003 1.02191256412185 0.871201209174316
-0.0625 1.52759772620568 0.69561280149826 0.598409863440383
-0.03125 0.897296592865667 0.336278157216297 0.298588119955098
0 0 0 0
0.03125 -0.882117960779676 -0.267125492630295 -0.270091599172997
0.0625 -1.46688319786171 -0.458982907969074 -0.485680087353778
0.09375 -1.75429571124611 -0.579452024514531 -0.62584152906015
0.125 -1.74435550093286 -0.632412620764858 -0.680364362641098
0.15625 -1.43706256692197 -0.621744475218248 -0.652948082752467
0.1875 -0.832416909213447 -0.551327366372892 -0.558937564417227
0.21875 -0.0246409734284997 -0.425671980556472 -0.419041901466454
0.25 0.598906297323412 -0.258729254582324 -0.25330749588532
0.28125 0.996348260543968 -0.0717172487812074 -0.0782509420955957
0.3125 1.16768491623317 0.113959040862935 0.0928294113632922
0.34375 1.11291626439101 0.276894618366161 0.247876657145639
0.375 0.832042305017501 0.395684487744528 0.374041531092682
0.40625 0.332585759034144 0.448979449784598 0.456961544165322
0.4375 -0.137203583149209 0.427259220619557 0.482576308041814
0.46875 -0.456962186788389 0.347395388830491 0.442004983641225
0.5 -0.626690051883395 0.22983053631067 0.337855773836088
0.53125 -0.646387178434228 0.09500724495337 0.187596800077228
0.5625 -0.516053566440888 -0.0366319033481377 0.0199434875526512
0.59375 -0.235689215903375 -0.144644326700579 -0.134542730096772
0.625 0.109774418530095 -0.211054041815855 -0.252473094324407
0.65625 0.345166211647574 -0.236114770722218 -0.321362274039148
0.6875 0.46517794753355 -0.228250843327559 -0.338291719404826
0.71875 0.469809626188022 -0.19592513014297 -0.306667508172319
0.75 0.35906124761099 -0.147600501679548 -0.233719710098127
0.78125 0.132932811802454 -0.091739828448386 -0.12974314044335
0.8125 -0.189809425200764 -0.0367268450500931 -0.0088160683242115
0.84375 -0.435577595058073 0.012131122434881 0.110263012283313
0.875 -0.562147621686624 0.053523111405649 0.205128117956921
0.90625 -0.569519505086418 0.0864052429592151 0.255407943831646
0.9375 -0.457693245257455 0.109733638192583 0.251646019032246
0.96875 -0.226668842199734 0.122464418202758 0.201004495796356
1 0.123553704086744 0.123553704086744 0.123553704086744
1.03125 0.464318577012096 0.112461945014679 0.0419026169911337
1.0625 0.666969959986441 0.0906669024492384 -0.0272838721868024
1.09375 0.731507853009777 0.0601506659262335 -0.0756368237077025
1.125 0.657932256082105 0.0228953249814739 -0.101210474070304
1.15625 0.446243169203425 -0.01911703084923 -0.105633565653145
1.1875 0.0964405923737372 -0.0639043120300682 -0.0919544170579145


