0 0
0.698131700797732 0.642787609686539
1.39626340159546 0.984807753012208
2.0943951023932 0.866025403784439
2.79252680319093 0.342020143325669
3.49065850398866 -0.342020143325669
4.18879020478639 -0.866025403784438
4.88692190558412 -0.984807753012208
5.58505360638185 -0.64278760968654
6.28318530717959 -2.44929359829471E-16


0 0
0.03125 0.0312014224680958
0.0625 0.0623735878583923
0.09375 0.0934872390930903
0.125 0.124513119094391
0.15625 0.155421970784494
0.1875 0.1861845370856
0.21875 0.216771560919911
0.25 0.247153785209628
0.28125 0.27730195287695
0.3125 0.307186806844078
0.34375 0.336779090033214
0.375 0.366049545366558
0.40625 0.394968915766311
0.4375 0.423507944154673
0.46875 0.451637373453845
0.5 0.479327946586028
0.53125 0.506550406473423
0.5625 0.533275496038231
0.59375 0.559473958202651
0.625 0.585116535888885
0.65625 0.610173972019134
0.6875 0.634617009515598
0.71875 0.658417046617584
0.75 0.681553293051103
0.78125 0.704010091603702
0.8125 0.725771874909438
0.84375 0.746823075602371
0.875 0.767148126316561
0.90625 0.786731459686067
0.9375 0.805557508344948
0.96875 0.823610704927263
1 0.840875482067071
1.03125 0.857336272398431
1.0625 0.872977508555404
1.09375 0.887783623172047
1.125 0.901739048882421
1.15625 0.914828218320584
1.1875 0.927035564120596
1.21875 0.938345518916515
1.25 0.948742515342401
1.28125 0.958210986032314
1.3125 0.966735363620312
1.34375 0.974300080740454
1.375 0.980889570026801
1.40625 0.986488378198716
1.4375 0.991088627666781
1.46875 0.994694623697687
1.5 0.997311772780888
1.53125 0.998945481405837
1.5625 0.999601156061989
1.59375 0.999284203238796
1.625 0.998000029425711
1.65625 0.995754041112189
1.6875 0.992551644787682
1.71875 0.988398246941644
1.75 0.983299254063528
1.78125 0.977260072642788
1.8125 0.970286109168877
1.84375 0.962382770131248
1.875 0.953555462019355
1.90625 0.943809591322651
1.9375 0.93315056453059
1.96875 0.921583788132625
2 0.909114668618209
2.03125 0.895748612476795
2.0625 0.881491026197838
2.09375 0.86634731627079
2.125 0.850325776731157
2.15625 0.83344698990164
2.1875 0.815734806343543
2.21875 0.797213076645211
2.25 0.777905651394991
2.28125 0.757836381181229
2.3125 0.73702911659227
2.34375 0.715507708216461
2.375 0.693296006642146
2.40625 0.670417862457673
2.4375 0.646897126251387
2.46875 0.622757648611633
2.5 0.598023280126759
2.53125 0.572717871385109
2.5625 0.546865272975029
2.59375 0.520489335484866
2.625 0.493613909502965
2.65625 0.466262845617672
2.6875 0.438459994417334
2.71875 0.410229206490295
2.75 0.381594332424902
2.78125 0.352579222809501
2.8125 0.323208045203725
2.84375 0.293509045876182
2.875 0.263513302511441
2.90625 0.233251949841384
2.9375 0.202756122597894
2.96875 0.17205695551285
3 0.141185583318136
3.03125 0.110173140745632
3.0625 0.0790507625272206
3.09375 0.0478495833947826
3.125 0.0166007380802
3.15625 -0.0146646386846457
3.1875 -0.0459154121678729
3.21875 -0.0771204476376001
3.25 -0.108248610361946
3.28125 -0.139268765609028
3.3125 -0.170149778646966
3.34375 -0.200860514743877
3.375 -0.23136983916788
3.40625 -0.261646617187093
3.4375 -0.291659714069636
3.46875 -0.321377995083626
3.5 -0.350770357925653
3.53125 -0.379808231195365
3.5625 -0.408467345977946
3.59375 -0.436723851685047
3.625 -0.464553897728324
3.65625 -0.491933633519431
3.6875 -0.518839208470022
3.71875 -0.54524677199175
3.75 -0.571132473496271
3.78125 -0.596472462395237
3.8125 -0.621242888100304
3.84375 -0.645419900023126
3.875 -0.668979647575356
3.90625 -0.691898280168648
3.9375 -0.714151947214657
3.96875 -0.735716798125037
4 -0.756568982311442
4.03125 -0.776684649185526
4.0625 -0.796039948158943
4.09375 -0.814611028643347
4.125 -0.832374040050393
4.15625 -0.849305131791734
4.1875 -0.865380453279025
4.21875 -0.880578862697145
4.25 -0.894891483506484
4.28125 -0.908312909001251
4.3125 -0.920837732691991
4.34375 -0.932460548089252
4.375 -0.943175948703581
4.40625 -0.952978528045523
4.4375 -0.961862879625626
4.46875 -0.969823596954436
4.5 -0.9768552735425
4.53125 -0.982952502900364
4.5625 -0.988109878538576
4.59375 -0.992321993967681
4.625 -0.995583442698226
4.65625 -0.997888818240758
4.6875 -0.999232714105823
4.71875 -0.999609723803968
4.75 -0.999014440845741
4.78125 -0.997441458741686
4.8125 -0.994885371002351
4.84375 -0.991340771138283
4.875 -0.986802252660028
4.90625 -0.981265236151563
4.9375 -0.974736654453878
4.96875 -0.967231880838075
5 -0.958766482670094
5.03125 -0.949356027315876
5.0625 -0.939016082141361
5.09375 -0.927762214512492
5.125 -0.915609991795208
5.15625 -0.90257498135545
5.1875 -0.888672750559159
5.21875 -0.873918866772276
5.25 -0.858328897360742
5.28125 -0.841918409690497
5.3125 -0.824702971127483
5.34375 -0.806698149037639
5.375 -0.787919510786908
5.40625 -0.768382623741229
5.4375 -0.748103055266543
5.46875 -0.727096372728791
5.5 -0.705378143493915
5.53125 -0.682963934927854
5.5625 -0.65986931439655
5.59375 -0.636109898437115
5.625 -0.611705872591252
5.65625 -0.586685636225757
5.6875 -0.561078446418431
5.71875 -0.534913560247071
5.75 -0.508220234789477
5.78125 -0.481027727123448
5.8125 -0.453365294326785
5.84375 -0.425262193477285
5.875 -0.396747681652748
5.90625 -0.367851015930974
5.9375 -0.338601453389761
5.96875 -0.30902825110691
6 -0.279160666160219
6.03125 -0.249027955627487
6.0625 -0.218659376586515
6.09375 -0.1880841861151
6.125 -0.157331641291043
6.15625 -0.126430999192142
6.1875 -0.0954115168961974
6.21875 -0.0643024514810079
6.25 -0.0331330600243728
6.28125 -0.00193259960409153


0 0.998601556727329
0.03125 0.99813344348254
0.0625 0.996729103748175
0.09375 0.994388537524234
0.125 0.991111744810715
0.15625 0.98689872560762
0.1875 0.981749479914948
0.21875 0.9756640077327
0.25 0.968642309060875
0.28125 0.960684383899473
0.3125 0.951790232248494
0.34375 0.941959854107939
0.375 0.931193249477807
0.40625 0.919490418358099
0.4375 0.906851360748814
0.46875 0.893276076649952
0.5 0.878764566061513
0.53125 0.863316828983498
0.5625 0.846932865415906
0.59375 0.829612675358737
0.625 0.811356258811992
0.65625 0.79216361577567
0.6875 0.772034746249771
0.71875 0.751065000063987
0.75 0.729571745729564
0.78125 0.707580335685035
0.8125 0.685090769930401
0.84375 0.662103048465662
0.875 0.638617171290818
0.90625 0.614633138405868
0.9375 0.590150949810812
0.96875 0.565170605505652
1 0.539692105490386
1.03125 0.513715449765015
1.0625 0.487240638329538
1.09375 0.460267671183956
1.125 0.432796548328269
1.15625 0.404827269762477
1.1875 0.376359835486579
1.21875 0.347394245500576
1.25 0.317930499804467
1.28125 0.287968598398253
1.3125 0.257508541281934
1.34375 0.226550328455509
1.375 0.19509395991898
1.40625 0.163173707193422
1.4375 0.131271093373104
1.46875 0.0995414872152952
1.5 0.0679848887199943
1.53125 0.0366012978872017
1.5625 0.00539071471691741
1.59375 -0.0256468607908585
1.625 -0.0565114286361262
1.65625 -0.0872029888188854
1.6875 -0.117721541339136
1.71875 -0.148067086196879
1.75 -0.178239623392113
1.78125 -0.208239152924839
1.8125 -0.238065674795057
1.84375 -0.267719189002766
1.875 -0.297199695547967
1.90625 -0.32650719443066
1.9375 -0.355641685650844
1.96875 -0.38460316920852
2 -0.413391645103688
2.03125 -0.442007113336347
2.0625 -0.470449573906498
2.09375 -0.49871902681414
2.125 -0.526532424611577
2.15625 -0.553582729339675
2.1875 -0.579869815240705
2.21875 -0.605393682314666
2.25 -0.630154330561559
2.28125 -0.654151759981383
2.3125 -0.677385970574139
2.34375 -0.699856962339827
2.375 -0.721564735278446
2.40625 -0.742509289389997
2.4375 -0.76269062467448
2.46875 -0.782108741131895
2.5 -0.800763638762241
2.53125 -0.818655317565518
2.5625 -0.835783777541728
2.59375 -0.852149018690868
2.625 -0.867751041012941
2.65625 -0.882589844507945
2.6875 -0.896665429175881
2.71875 -0.909977795016749
2.75 -0.922526942030548
2.78125 -0.934312870217279
2.8125 -0.945287970079494
2.84375 -0.955281934979915
2.875 -0.964279588460125
2.90625 -0.972280930520124
2.9375 -0.979285961159913
2.96875 -0.985294680379491
3 -0.990307088178859
3.03125 -0.994323184558016
3.0625 -0.997342969516962
3.09375 -0.999366443055697
3.125 -1.00039360517422
3.15625 -1.00042445587254
3.1875 -0.99945899515064
3.21875 -0.997497223008533
3.25 -0.994539139446215
3.28125 -0.990584744463686
3.3125 -0.985634038060947
3.34375 -0.979687020237997
3.375 -0.972743690994837
3.40625 -0.964804050331466
3.4375 -0.955868098247884
3.46875 -0.945935834744092
3.5 -0.935017674149242
3.53125 -0.923279011974531
3.5625 -0.910777130972752
3.59375 -0.897512031143904
3.625 -0.883483712487988
3.65625 -0.868692175005004
3.6875 -0.853137418694951
3.71875 -0.83681944355783
3.75 -0.819738249593641
3.78125 -0.801893836802383
3.8125 -0.783286205184057
3.84375 -0.763915354738662
3.875 -0.7437812854662
3.90625 -0.722883997366668
3.9375 -0.701223490440069
3.96875 -0.678799764686401
4 -0.655612820105665
4.03125 -0.63166265669786
4.0625 -0.606949274462987
4.09375 -0.581472673401046
4.125 -0.555232853512036
4.15625 -0.528229814795959
4.1875 -0.500463557252812
4.21875 -0.472205321711171
4.25 -0.443773575476104
4.28125 -0.415168821578529
4.3125 -0.386391060018445
4.34375 -0.357440290795853
4.375 -0.328316513910753
4.40625 -0.299019729363144
4.4375 -0.269549937153027
4.46875 -0.239907137280402
4.5 -0.210091329745268
4.53125 -0.180102514547626
4.5625 -0.149940691687476
4.59375 -0.119605861164818
4.625 -0.0890980229796506
4.65625 -0.0584171771319754
4.6875 -0.0275633236217918
4.71875 0.00346353755090012
4.75 0.0346634063861003
4.78125 0.0660362828838089
4.8125 0.0975821670440259
4.84375 0.129301058866751
4.875 0.161192958351985
4.90625 0.193129491732657
4.9375 0.224616710967501
4.96875 0.255605774492239
5 0.286096682306873
5.03125 0.316089434411401
5.0625 0.345584030805823
5.09375 0.374580471490141
5.125 0.403078756464353
5.15625 0.43107888572846
5.1875 0.458580859282461
5.21875 0.485584677126357
5.25 0.512090339260148
5.28125 0.538097845683833
5.3125 0.563607196397413
5.34375 0.588618391400888
5.375 0.613131430694257
5.40625 0.637146314277522
5.4375 0.66066304215068
5.46875 0.683681614313734
5.5 0.706202030766682
5.53125 0.728224291509525
5.5625 0.749748396542262
5.59375 0.770757383256973
5.625 0.790944233129976
5.65625 0.810194856513402
5.6875 0.828509253407251
5.71875 0.845887423811523
5.75 0.862329367726219
5.78125 0.877835085151339
5.8125 0.892404576086881
5.84375 0.906037840532847
5.875 0.918734878489236
5.90625 0.930495689956049
5.9375 0.941320274933284
5.96875 0.951208633420944
6 0.960160765419026
6.03125 0.968176670927532
6.0625 0.975256349946461
6.09375 0.981399802475813
6.125 0.986607028515589
6.15625 0.990878028065788
6.1875 0.99421280112641
6.21875 0.996611347697456
6.25 0.998073667778925
6.28125 0.998599761370817


0 0
0.03125 0.000487560321217381
0.0625 0.00194978414302891
0.09375 0.00438530003991275
0.125 0.00779182230266583
0.15625 0.0121661509384039
0.1875 0.0175041716705613
0.21875 0.0238008559388914
0.25 0.0310502608994662
0.28125 0.0392455294246765
0.3125 0.0483788901032319
0.34375 0.0584416572401607
0.375 0.06942423085681
0.40625 0.0813160966908456
0.4375 0.0941058261962524
0.46875 0.107781076543334
0.5 0.122328590618712
0.53125 0.137734197025327
0.5625 0.15398281008244
0.59375 0.171058429825629
0.625 0.188944142006791
0.65625 0.207622118094143
0.6875 0.227073615272219
0.71875 0.247278979819753
0.75 0.268217765502592
0.78125 0.289868983053354
0.8125 0.312211156485669
0.84375 0.335222323332978
0.875 0.358880034648538
0.90625 0.383161355005422
0.9375 0.408042862496515
0.96875 0.433500648734517
1 0.459510318851943
1.03125 0.486046991501121
1.0625 0.513085298854195
1.09375 0.540599386603122
1.125 0.568562913959674
1.15625 0.596949053655438
1.1875 0.625730491941813
1.21875 0.654879428590016
1.25 0.684367576891074
1.28125 0.714166163655833
1.3125 0.744245929214949
1.34375 0.774577127418895
1.375 0.805129525637959
1.40625 0.835872405047071
1.4375 0.866774642005078
1.46875 0.897805087469608
1.5 0.928932755497145
1.53125 0.960126829096973
1.5625 0.991356660231168
1.59375 1.0225917698146
1.625 1.05380184771495
1.65625 1.08495675275266
1.6875 1.11602651270101
1.71875 1.14698132428605
1.75 1.17779155318661
1.78125 1.20842773403436
1.8125 1.23886057041373
1.84375 1.26906093486196
1.875 1.29899986886908
1.90625 1.32864858287791
1.9375 1.35797845628409
1.96875 1.38696103743602
2 1.41556804363491
2.03125 1.44377136113479
2.0625 1.47154304514245
2.09375 1.49885531981749
2.125 1.52568060036556
2.15625 1.55199175120364
2.1875 1.57776235601849
2.21875 1.60296674382781
2.25 1.62757998898015
2.28125 1.65157791115496
2.3125 1.67493707536257
2.34375 1.6976347919442
2.375 1.71964911657195
2.40625 1.74095885024881
2.4375 1.76154353930866
2.46875 1.78138347541626
2.5 1.80045969556725
2.53125 1.81875398208817
2.5625 1.83624886263644
2.59375 1.85292761020036
2.625 1.86877424309912
2.65625 1.8837735249828
2.6875 1.89791096483236
2.71875 1.91117281695965
2.75 1.9235460810074
2.78125 1.93501850194923
2.8125 1.94557857167237
2.84375 1.95521558953144
2.875 1.96391979595591
2.90625 1.97168240417481
2.9375 1.97849560037753
2.96875 1.98435254371383
3 1.98924736629386
3.03125 1.99317517318811
3.0625 1.99613204242748
3.09375 1.99811502500321
3.125 1.99912214486692
3.15625 1.99915239893061
3.1875 1.99820575706665
3.21875 1.99628316210776
3.25 1.99338652984706
3.28125 1.98951874903803
3.3125 1.98468368139451
3.34375 1.97888616159073
3.375 1.97213199726128
3.40625 1.96442796900112
3.4375 1.95578183036559
3.46875 1.9462023078704
3.5 1.93569910091589
3.53125 1.9242828551661
3.5625 1.91196503186708
3.59375 1.89875783988701
3.625 1.88467423342493
3.65625 1.86972791201079
3.6875 1.85393332050539
3.71875 1.83730564910046
3.75 1.81986083331859
3.78125 1.80161555401325
3.8125 1.78258723736882
3.84375 1.76279405490055
3.875 1.74225492345457
3.90625 1.72098950520791
3.9375 1.69901820766848
3.96875 1.67636218367507
4 1.65304333139737
4.03125 1.62908429433594
4.0625 1.60450846132224
4.09375 1.5793399665186
4.125 1.55360368941826
4.15625 1.52732525484531
4.1875 1.50053103295475
4.21875 1.4732481189439
4.25 1.44550408100304
4.28125 1.41732668450927
4.3125 1.38874386379259
4.34375 1.35978372213575
4.375 1.33047453177433
4.40625 1.3008447338967
4.4375 1.270922938644
4.46875 1.24073792511021
4.5 1.21031864134207
4.53125 1.17969420433912
4.5625 1.14889390005371
4.59375 1.11794718339097
4.625 1.08688367820884
4.65625 1.05573317731804
4.6875 1.0245256424821
4.71875 0.993291204417331
4.75 0.962060162792853
4.78125 0.930862986230574
4.8125 0.899730312305199
4.84375 0.868692947544227
4.875 0.837781867427954
4.90625 0.807028212393033
4.9375 0.776463120415862
4.96875 0.746117340155479
5 0.716021134369234
5.03125 0.686204279334288
5.0625 0.65669606484762
5.09375 0.62752529422602
5.125 0.598720284306093
5.15625 0.570308865444262
5.1875 0.542318381516758
5.21875 0.514775689919633
5.25 0.487707161568748
5.28125 0.461138680899781
5.3125 0.435095645868225
5.34375 0.409602967949385
5.375 0.384685072138382
5.40625 0.36036589695015
5.4375 0.33666889441944
5.46875 0.313617030100815
5.5 0.291232783068653
5.53125 0.269538145917145
5.5625 0.2485546247603
5.59375 0.228303239125034
5.625 0.208804474892667
5.65625 0.19007804094766
5.6875 0.17214273672691
5.71875 0.155016447383634
5.75 0.138716143787366
5.78125 0.123257882523963
5.8125 0.108656805895595
5.84375 0.0949271419207555
5.875 0.0820822043342546
5.90625 0.0701343925872217
5.9375 0.0590951918471046
5.96875 0.0489751729976703
6 0.0397839926390044
6.03125 0.0315303930875112
6.0625 0.024222202375914
6.09375 0.0178663342532545
6.125 0.0124687881848936
6.15625 0.00803464935251061
6.1875 0.00456808865410388
6.21875 0.00207236270399042
6.25 0.000549813832805945
6.28125 1.87008750507367E-06
