0 3.04159265358979 0.1
0.01 3.04256654884609 0.0947892979232518
0.03 3.04435951444633 0.084545535941484
0.0613605673429585 3.04676453247346 0.0689159175648938
0.0911850553108357 3.04860366904151 0.0544781637349721
0.121542768307345 3.05003902451118 0.0401389448228431
0.152133286851615 3.05104973794938 0.0259849259275135
0.182978274445332 3.05163419278282 0.0119443361837532
0.214051323896486 3.05178781981027 -0.00203415952273344
0.24532936475416 3.05150552514693 -0.0160056248956493
0.276785675282057 3.05078154934485 -0.0300254626334128
0.308391036950421 3.04960957467859 -0.044149705239256
0.34011390220404 3.04798281742083 -0.0584347829396118
0.371920816836398 3.04589411731365 -0.0729373397828938
0.403776921953046 3.04333601795083 -0.0877140329668224
0.435646531997982 3.04030083243052 -0.102821332780088
0.467493761937209 3.03678068957637 -0.118315333929646
0.49928316585309 3.03276755825641 -0.134251585575206
0.530980355674374 3.0282532486549 -0.150684949428329
0.562552561965695 3.0232293924475 -0.167669488340003
0.593969108325868 3.01768740563561 -0.185258386358718
0.625201787319856 3.01161843771203 -0.203503902824419
0.656225119404003 3.00501331410716 -0.22245735196092
0.687016507577168 2.99786247494698 -0.242169110085567
0.717556278147025 2.99015591858637 -0.262688633689901
0.747827642318552 2.98188314933557 -0.284064494771615
0.777816581894919 2.97303313484851 -0.306344419187272
0.807511678909018 2.96359427474857 -0.3295753230467
0.836903918937323 2.95355437709931 -0.353803352281833
0.865986463254204 2.94290064851702 -0.379073906596297
0.894754423007035 2.93161969070416 -0.405431660858382
0.923204630004535 2.91969750719342 -0.43292056976652
0.951335427268527 2.90711951274758 -0.461583868947514
0.979146460450066 2.89387055373978 -0.491464049093432
1.00663850482334 2.8799349244465 -0.522602834109709
1.03381330180725 2.865296389419 -0.555041136708073
1.06067340970199 2.8499382102298 -0.588818993243206
1.08722210695261 2.83384315265318 -0.623975528116458
1.11346326082973 2.81699352180633 -0.660548841210864
1.13940127041101 2.79937116057625 -0.698575958823712
1.16504098980576 2.78095746370157 -0.738092731565209
1.19038768193563 2.76173337540199 -0.779133748043367
1.21544698579898 2.74167937768194 -0.821732247027775
1.2402248934138 2.72077546980352 -0.865920025502243
1.26472773879926 2.69900113470967 -0.911727349872538
1.28896222075761 2.67633526833014 -0.959182918555667
1.31293540050736 2.65275612005804 -1.00831377159931
1.3367038895777 2.62818912377725 -1.0592529508744
1.36051136772818 2.60234086187279 -1.11257812427283
1.38433235280945 2.57517908927906 -1.16831654638676
1.40817286581685 2.54663649315943 -1.22656127528536
1.43203656976247 2.51664541351377 -1.28739808507444
1.45592891833281 2.48513292743613 -1.35091429582345
1.47985696127259 2.45202056103276 -1.41719781264181
1.50382975884298 2.41722313514687 -1.4863376225797
1.5278588132886 2.3806473746173 -1.55842436961877
1.55195863976219 2.34219005037761 -1.63355135152709
1.57614747910792 2.3017355512537 -1.71181597437215
1.60044829230188 2.2591525225687 -1.7933221328353
1.62489006063792 2.2142893188865 -1.87818364649809
1.64950961156607 2.16696759040582 -1.96652951967016
1.67435427217599 2.1169729625638 -2.05851214109479
1.69948579441079 2.06404117730962 -2.15432008036528
1.72498652947312 2.00783641582779 -2.25419913792159
1.75096967391625 1.94791555821937 -2.35848859617787
1.77759752382309 1.88366501542584 -2.46768784801673
1.80511744039584 1.81417759461472 -2.58259131076326
1.83394275377887 1.73797840212414 -2.70459919091815
1.86487818433016 1.65227029368882 -2.83660188711789
1.90004602442622 1.54987188254157 -2.98668176757783
1.93456584060555 1.44425080318933 -3.13233190112024
1.9698863946217 1.33103518900136 -3.27759795799068
1.99889636774337 1.23427480155168 -3.39243504691624
2.02550044696182 1.14267399175223 -3.4929191912988
2.05077367207647 1.05324584270129 -3.58303683866663
2.07516329890956 0.964855394091615 -3.66412427427284
2.09894946704302 0.876822431569752 -3.73677780525668
2.12233519523031 0.788667371048298 -3.80122250509867
2.14480189584434 0.702638221046802 -3.85591300266973
2.16625792947052 0.619409372278936 -3.90095561319777
2.18698080207427 0.538181118245762 -3.93731710907376
2.20713307010832 0.458538590477139 -3.96556040934042
2.22684290811771 0.380164011418195 -3.98608561084815
2.24621302511864 0.302814785496558 -3.99917652328199
2.26532978673802 0.226296194968406 -4.00503491761533
2.28426858638369 0.150446207390068 -4.00380030745635
2.30309760125568 0.0751251572148524 -3.99556205041703
2.32188055938412 0.000208499550000176 -3.98036646299837
2.34067897620418 -0.074418749405851 -3.95822041383627
2.35955412267954 -0.148866604117137 -3.92909209628065
2.37856894176534 -0.223244311672686 -3.89290919176889
2.39779011104892 -0.297664646343968 -3.84955421929339
2.41729048225175 -0.372248826919633 -3.79885639685524
2.43715220162934 -0.447132708644048 -3.74057871619409
2.45747101435653 -0.522475364273969 -3.67439779061218
2.47836259882038 -0.598471901753768 -3.59987202217788
2.49997251650785 -0.675374029944749 -3.51638952485657
2.52249309509338 -0.753525927241691 -3.42307779029857
2.54619479536024 -0.833432833132055 -3.31863378083327
2.57149212246833 -0.915909569231659 -3.20096465816644
2.59840447298903 -1.00030261437079 -3.06979081141534
2.62552885526249 -1.08171622229059 -2.93241830409915
2.65343337972581 -1.16152109262607 -2.78679732789608
2.6824091845466 -1.24003690929318 -2.63210974213586
2.71297597006394 -1.31796298936877 -2.46627326836916
2.74603876360114 -1.39651329111729 -2.28510123329795
2.77986688829892 -1.47066728311605 -2.09903797409682
2.81386291719668 -1.53885158234077 -1.91240920224368
2.84889820406782 -1.60250158484949 -1.72134985787913
2.8833065679391 -1.65852911969782 -1.53563580254277
2.9143291458336 -1.70359735178415 -1.37021825549165
2.94368333561061 -1.74154576185577 -1.21566455548514
2.97183708609538 -1.77370681489179 -1.06932014689746
2.99902022501322 -1.80087403167531 -0.929798707412363
3.02582142917698 -1.82396926986027 -0.793924334478858
3.05273941174715 -1.84352174098147 -0.659085140593895
3.07979644878469 -1.85953867513709 -0.525104536001478
3.10705457331981 -1.87202918597482 -0.391591128815308
3.13455746940977 -1.88096224710999 -0.258232101249333
3.1623403362659 -1.88627965500006 -0.124743567524911
3.19043032205163 -1.88790106709421 0.00913093676252229
3.21884778121256 -1.88572856550951 0.143624893822838
3.24760762773994 -1.87965024881165 0.278952331057261
3.27672148280372 -1.86954253128657 0.415313557852779
3.30620127528975 -1.85527007087785 0.552906022256019
3.33606521606521 -1.83668129504912 0.691944481006621
3.36634741035661 -1.81359609294751 0.832696309043027
3.39711342301261 -1.78577961842729 0.975542510607381
3.42848669117921 -1.75289024856174 1.12108628804648
3.46163249094805 -1.71318470624299 1.27469038754654
3.49712565246329 -1.66502734155119 1.43884906741943
3.53624623945839 -1.60521052505772 1.61905676685875
3.57502307818905 -1.53898572013324 1.79634898278578
3.61337177931347 -1.46676853281839 1.96956170124902
3.64729233114989 -1.39739737361585 2.1201688722657
3.6786480656392 -1.32877347760559 2.25640309323812
3.70827522965967 -1.26005708027661 2.38172240961066
3.73661507362953 -1.19090548645304 2.4977556354394
3.76512317646788 -1.11808877225942 2.60990438151194
3.7924710851478 -1.04529953403312 2.71240294911903
3.81902319038519 -0.972018719605597 2.80640338687885
3.84495733995799 -0.898110295072352 2.8922547476251
3.87042558264643 -0.823443537264607 2.97014845679526
3.89497879829355 -0.749662485783764 3.03860454488083
3.9184080769876 -0.67776930783569 3.09731445022441
3.94099987994916 -0.60721759071606 3.14735531807425
3.96291877391624 -0.537758634691162 3.18935578880491
3.98429637107936 -0.4691981336945 3.22378210749772
4.00523814686854 -0.401390148053405 3.25097949826694
4.02583221598873 -0.3342197029301 3.27120810701448
4.04615446035359 -0.267593616590268 3.28466439583062
4.06627209300467 -0.201434327754245 3.29149513187534
4.0862462252719 -0.135675679612575 3.29180660544976
4.10613382587908 -0.0702598872274076 3.28567065688757
4.12598929883908 -0.00513527203346396 3.27312841327774
4.1458658442384 0.0597455404533309 3.25419224874705
4.16581671338182 0.124427137521524 3.22884622770858
4.18589645512522 0.188952696172337 3.19704510733536
4.20616224924938 0.253365352049922 3.15871180596557
4.22667543345824 0.317709689976721 3.11373306261534
4.24750336314542 0.382033518351572 3.06195277131147
4.26872181304276 0.446390185484883 3.00316208308401
4.29041821616807 0.510841752939962 2.93708482323655
4.31269627987387 0.575463720077611 2.86335559645178
4.33568288240218 0.640352408433302 2.78148597788978
4.35953897520542 0.705637237120382 2.69080999881069
4.38447805623591 0.771502701220699 2.59039073140569
4.41080027280616 0.838231224729579 2.47884671574364
4.43896334266506 0.906297380806129 2.35398989109885
4.469758358396 0.976614667350304 2.21192726764202
4.50489694458783 1.05140540843328 2.0440628437254
4.54683442835778 1.13281830444529 1.83757248264007
4.58533519261357 1.19984692538381 1.64383003229052
4.62294398807071 1.25806982178788 1.45209771242835
4.65815402052757 1.3060183369274 1.2713385168404
4.69122334119155 1.34524659770603 1.10112059453533
4.72466636419935 1.37919311626301 0.929034229200504
4.7568768608239 1.40645357588279 0.763702798172209
4.78923611466213 1.42848794015325 0.59828825878076
4.82188376671966 1.44530836219635 0.432298120116521
4.85504139491166 1.45686221318014 0.264799804235525
4.88889930290682 1.4629498428864 0.095019447101152
4.92365396856378 1.46324421650369 -0.0778299622785065
4.95953316472757 1.45727458584008 -0.25464885144174
4.99684893587325 1.44436983274707 -0.436671659223722
5.03612654742299 1.42349198925028 -0.626016768595593
5.07850440133017 1.39268393136498 -0.827421506398279
5.1277286492047 1.3462834639925 -1.05699678005665
5.18702724519934 1.27558594978544 -1.32590203634039
5.22941807005404 1.21542018479878 -1.51171333454818
5.26620924887964 1.15691785028332 -1.66761217132181
5.30040973133344 1.09748170213003 -1.80721134051934
5.33280799334481 1.0368627408597 -1.9339399724896
5.36384804194872 0.975022862569456 -2.04957648263106
5.39188300229782 0.916163172867303 -2.14852403120364
5.41858314552235 0.857598972490863 -2.23736192049904
5.44551466901455 0.796201980078642 -2.32110017102619
5.47113255379809 0.735783438869673 -2.39479490039774
5.49582538325139 0.675833033368784 -2.45989281021942
5.51973799398797 0.616315811773006 -2.51699747598863
5.54300151718101 0.557172822750138 -2.56661123262806
5.56572203471833 0.49836379611036 -2.60911963948939
5.58798916596755 0.439857491905188 -2.64482655571498
5.609880175037 0.381629595459385 -2.67397317263271
5.63146308618431 0.323660878135584 -2.69675161140954
5.65279895120645 0.265936025243268 -2.71331445895525
5.6739435763933 0.208442838826081 -2.72378157678006
5.69494889297024 0.151171667285892 -2.72824497178849
5.71586407795825 0.0941150128074082 -2.72677221904224
5.7367365181233 0.0372672397794071 -2.71940876047551
5.75761266504797 -0.0193756114796512 -2.70617927890087
5.77853884776433 -0.0758159742732557 -2.68708825839238
5.79956207091399 -0.132054841864606 -2.66211977870519
5.82073085196639 -0.188091832515165 -2.63123652159977
5.84209613902401 -0.24392523022477 -2.59437790793957
5.86371236824483 -0.299552020125068 -2.55145720085087
5.88563873743054 -0.354967940641665 -2.50235729921818
5.90794079080313 -0.410167555142799 -2.44692481478755
5.93069248331718 -0.465144424549805 -2.38496173206984
5.95397895265725 -0.519891433918954 -2.31621359434967
5.97790037200155 -0.574401391935521 -2.2403524894077
6.00257755244027 -0.628668220261004 -2.15695176886789
6.02816043762604 -0.682689220997598 -2.06544713672785
6.0548417079132 -0.736469540959952 -1.96507374392674
6.08288009933692 -0.790031374533163 -1.85475772856449
6.11264406877439 -0.843434269483296 -1.73291238968616
6.14470435306093 -0.896825150671787 -1.5970052844081
6.17530979007316 -0.943667706501691 -1.46350271256791
6.20484496200781 -0.984954086597513 -1.33182365706671
6.23343290672424 -1.02118026201474 -1.20223403683183
6.26116911062429 -1.05276340446376 -1.07493649411001
6.28811045206422 -1.08004504725336 -0.9501700423777
6.31461888531552 -1.10359665852061 -0.826641321118556
6.34120128867683 -1.12391862057405 -0.702276372027106
6.36784989849835 -1.14096910248113 -0.577354318991817
6.39461295557995 -1.1547415451525 -0.451872552996782
6.42152613152608 -1.16520670095345 -0.325872619824457
6.44862219268342 -1.172322037476 -0.199400751085534
6.47593110320382 -1.17603334312807 -0.0725128322273027
6.50348169830955 -1.17627635315747 0.0547279054928598
6.53130374940084 -1.17297721747807 0.182254522479878
6.55943086015521 -1.16605133180221 0.310002837705112
6.58790450732751 -1.15539967196884 0.437921380325467
6.61677980433381 -1.14090131693816 0.565986227830014
6.64613400801145 -1.12239996887337 0.694223246152397
6.67607983119967 -1.09968039886587 0.822743122049777
6.70678809151655 -1.07242628520722 0.951801546273353
6.73853092704499 -1.04013889863835 1.0819163609547
6.77243835970306 -1.00115554013641 1.21671649309054
6.80576925654685 -0.958458538666908 1.34445286151
6.83740010628312 -0.91407973352245 1.46074629074595
6.86761444040161 -0.868328656107407 1.56683157270197
6.89657394771324 -0.821542497779868 1.66344574443201
6.9244369195297 -0.773958128314439 1.75127983405517
6.95134324410382 -0.725754299309681 1.83092539298726
6.97741566924537 -0.677068022943054 1.90288328942966
7.0027615543325 -0.62800663256384 1.96757464403705
7.02747507803806 -0.578655902460378 2.02535283016954
7.05163935358657 -0.529085698623946 2.07651438055126
7.07532831507285 -0.479353964222661 2.12130830937328
7.09860830924828 -0.429509653385966 2.15994376488671
7.12153947180265 -0.379594840559998 2.1925963055024
7.14417685614803 -0.329646379140857 2.21941289034231
7.16657140744839 -0.279697150001849 2.24051589352475
7.18877078959201 -0.229777064567136 2.25600626946108
7.21082010734949 -0.179913872178719 2.26596602832463
7.23276254598911 -0.130133834304728 2.27046012543044
7.25463994762017 -0.0804623132828171 2.26953784831765
7.27649335314328 -0.0309242859428191 2.26323376297429
7.29836352130738 0.0184551780580974 2.25156825222112
7.32029144717138 0.0676504629472767 2.23454766280654
7.34231889324649 0.116634948975456 2.21216406026582
7.36448895979134 0.165380546837082 2.18439456356686
7.38684671069453 0.213857190601368 2.1512002164215
7.40943989726097 0.262032298274883 2.11252429721949
7.43231979917191 0.309870136372637 2.06828996890496
7.4555422567671 0.357331110004233 2.01839705040408
7.47916895048593 0.404370908099103 1.9627176601866
7.5032690543608 0.450939503051422 1.90109027360429
7.52792140496652 0.49697990973372 1.83331159439143
7.5532174581353 0.542426673028209 1.75912518003613
7.57926544547959 0.58720398949693 1.67820514483623
7.60619644795364 0.631223365397855 1.59013203106613
7.63353351170869 0.673423340987257 1.49659236535717
7.6602027668656 0.712079060837008 1.40174962922631
7.68632316915295 0.747446601065133 1.30582052662072
7.71189383595891 0.779609005412357 1.20935746680668
7.73692426915658 0.808675491110291 1.11280995596932
7.76141832390574 0.834757531348889 1.01658869449614
7.78537429070228 0.857969340252865 0.921072453691557
7.80926972870301 0.87882877652632 0.824648012050538
7.83316894000314 0.897375377478089 0.727283978549158
7.85708537006539 0.913596966209248 0.629136864314622
7.88103743082449 0.927483616817844 0.530330993145896
7.90504171802199 0.939021964865764 0.430988282326996
7.92911394935393 0.948196168486614 0.331226746822831
7.95326909793516 0.954988204776337 0.231162216197039
7.97752166626944 0.959378179602861 0.130909452240704
8.00188606222965 0.961344549032192 0.0305828737081337
8.02637706332448 0.960864181658539 -0.0697029898930242
8.05101039408995 0.957912198648468 -0.169833335548364
8.07580343439502 0.952461514402665 -0.269693181393218
8.10077608846029 0.944481987543376 -0.369167699337015
8.12595184246336 0.933939076439441 -0.468142708785354
8.15135909878259 0.920791847204529 -0.566505418877512
8.17703285746586 0.904990138033898 -0.664145317291023
8.20301693283989 0.886470558759568 -0.760955375614179
8.22936697355017 0.865150818172396 -0.856833727504953
8.25615477806745 0.8409214959213 -0.95168626687532
8.28347476322201 0.813633688169212 -1.04543095062692
8.31176675505021 0.782723716504491 -1.13901870466059
8.34118764043944 0.74783100028129 -1.23221928254888
8.36957656927989 0.711624150729277 -1.31781357723058
8.39722546908845 0.674086413408087 -1.39674513810615
8.42418174728648 0.635448748063746 -1.46917649469092
8.45051400062187 0.595880751058237 -1.53532969623347
8.47628498394451 0.555529522588507 -1.59540309195232
8.50155403115589 0.514520632899618 -1.64957746634941
8.5263768166656 0.472962329243651 -1.69801515421265
8.55080557095549 0.430948672191202 -1.7408607032569
8.57488937702276 0.388562132395456 -1.77824189756181
8.59867451212651 0.34587573242097 -1.81027093777899
8.62220480063346 0.302954832846833 -1.83704563015816
8.6455219835402 0.259858597636016 -1.85865052784217
8.66866606903628 0.216641249206172 -1.8751579380597
8.69167567946206 0.173353130676843 -1.88662879567193
8.71458839763216 0.130041610685374 -1.89311338233242
8.73744109379748 0.0867519050536321 -1.89465187339105
8.76027025885262 0.0435278037738388 -1.89127472303635
8.78311234383647 0.000412337861020485 -1.88300287359304
8.80600410649329 -0.0425515806885325 -1.86984778221571
8.82898298011698 -0.085320538993687 -1.85181125251198
8.85208747190916 -0.127849998620998 -1.82888505125219
8.8753576065192 -0.170093652047243 -1.80105027862456
8.8988354302814 -0.212002737651802 -1.76827644884667
8.92256559538491 -0.253525285788966 -1.73052022420833
8.94659606359449 -0.294605287091713 -1.68772369962921
8.97097896388322 -0.335181737776272 -1.63981211547331
8.99577165901825 -0.3751875156724 -1.58669082097563
9.02103812887148 -0.41454806967096 -1.52824116256134
9.04685078600393 -0.453179824909612 -1.46431488658381
9.07272577006076 -0.490196743013216 -1.39626032080868
9.09808625369542 -0.524722739331729 -1.32599469039512
9.12299779432009 -0.556862537743889 -1.25382224309717
9.14745932372312 -0.586637622925784 -1.18018424523908
9.17147530128997 -0.614088287420445 -1.10547072274069
9.19504738596114 -0.639261417156711 -1.03004532303194
9.21817468256208 -0.662210298366232 -0.954246851011855
9.24112024268925 -0.683228198280219 -0.877491898569347
9.26404134422865 -0.702449525957247 -0.799473256128351
9.28693502588701 -0.719849254932432 -0.720397082099029
9.30981699785499 -0.735419751794296 -0.640397617372125
9.33270015371614 -0.749151062567129 -0.559610333763364
9.35559721745974 -0.761033057483461 -0.478164174290793
9.3785204761197 -0.771055192778376 -0.39618372735665
9.40148189920007 -0.779206571009567 -0.313790058084648
9.42449325935415 -0.785475988120961 -0.231101533621684
9.44756627650571 -0.789851968059852 -0.148234576863537
9.47071279094953 -0.792322770998232 -0.0653043445158302
9.49394498125879 -0.792876358425035 0.0175747063698089
9.51727561321071 -0.791500292190177 0.100288286267367
9.54071833556088 -0.788181550007912 0.182721797084162
9.56428802761854 -0.782906234508847 0.264759884618169
9.58800120286879 -0.775659152686185 0.346285977318137
9.61187649164299 -0.766423235310492 0.42718181742699
9.63593522287248 -0.755178757046982 0.507326954006747
9.66020212120365 -0.74190231350481 0.586598121335948
9.68470619650939 -0.726565468932069 0.664868577125441
9.7094818513146 -0.709132989643754 0.742007225128979
9.73457036231887 -0.689560472188429 0.817877651648263
9.76002187893917 -0.667791116012611 0.892336955625705
9.7858982210668 -0.64375120793761 0.965234364777998
9.81227694735585 -0.617343582567185 1.03640963382885
9.83949988146827 -0.588169705786812 1.10629671867447
9.8670005304037 -0.556819783175232 1.17296357362624
9.89388275353629 -0.524457370066809 1.23406492190577
9.92029619164997 -0.491114037857904 1.28995712917268
9.94627681162748 -0.456931484068403 1.3407180670161
9.97187014602011 -0.42202363751919 1.38644519636152
9.99711837898671 -0.3864943115599 1.4272256053012
10 -0.382375272483515 1.43159940292407
