0.132890365448505 0.231780989561058 0.0821919023336084 0.0447720827606074
0.26578073089701 0.406034360155163 0.142901256191198 0.0777324149844442
0.398671096345515 0.533468802011626 0.185250617628004 0.100515307356096
0.53156146179402 0.62302108584999 0.212004937835697 0.114590319534463
0.664451827242525 0.682130921260443 0.225607516944649 0.121276089721891
0.79734219269103 0.716974920391317 0.228212618248512 0.121753138300107
0.930232558139535 0.732665487604729 0.221715076347778 0.1170756949759
1.06312292358804 0.733419854537402 0.207777090790153 0.1081826509488
1.19601328903654 0.722703510223789 0.187852529588487 0.095907666743096
1.32890365448505 0.703351853164563 0.16320890806236 0.0809885085096361
1.46179401993355 0.677673186094094 0.134947275737972 0.0640756657893894
1.59468438538206 0.647535888882263 0.104020194098099 0.0457402998731908
1.72757475083056 0.614442051595424 0.0712479713566388 0.0264815653066562
1.86046511627907 0.579589612577576 0.0373333185762915 0.00673335891216355
1.99335548172757 0.543924721073195 0.00287456054422475 -0.0131294699897723
2.12624584717608 0.508185771448361 -0.0316224533385112 -0.032785411073942
2.25913621262458 0.472940407079915 -0.0657336360378738 -0.0519610429262058
2.39202657807309 0.438616518805358 -0.0991070200634948 -0.0704262126752433
2.52491694352159 0.405528200863447 -0.131454101736535 -0.0879896174879381
2.6578073089701 0.373897391909252 -0.162542069479048 -0.104494747985
2.7906976744186 0.343871920848403 -0.192186835891291 -0.119816178668716
2.92358803986711 0.315540478237529 -0.220246806263271 -0.133856171762535
3.05647840531561 0.288945021299593 -0.24661729804563 -0.146541574783871
3.18936877076412 0.264091000638236 -0.271225564582672 -0.157820986092361
3.32225913621263 0.240955780514484 -0.294026357542996 -0.167662174904825
3.45514950166113 0.219495523839314 -0.314997974900773 -0.17604972776232
3.58803986710963 0.199650805312145 -0.334138749231808 -0.182982908691126
3.72093023255814 0.181351149647426 -0.351463937703516 -0.18847372086397
3.85382059800664 0.16451869630378 -0.367002962009318 -0.192545142943712
3.98671096345515 0.149071114406853 -0.38079697800434 -0.195229535582494
4.11960132890365 0.134923910361292 -0.392896729639326 -0.19656720354541
4.25249169435216 0.121992234541121 -0.403360668200432 -0.196605096016472
4.38538205980066 0.110192269458579 -0.412253294804852 -0.195395636349986
4.51827242524917 0.0994422843239731 -0.419643728318375 -0.192995677192099
4.65116279069767 0.0896633982710953 -0.425604443228505 -0.189465558269148
4.78405315614618 0.0807801460409366 -0.43021018965079 -0.184868267224948
4.91694352159468 0.0727208313400002 -0.433537049836211 -0.179268693845584
5.04983388704319 0.0654177640672305 -0.435661641980625 -0.172732968249907
5.18272425249169 0.0588073600229069 -0.436660426864482 -0.165327871479419
5.3156146179402 0.0528301746420224 -0.436609135629332 -0.157120323879366
5.4485049833887 0.0474308482565429 -0.435582277069122 -0.148176931210246
5.58139534883721 0.0425580089824849 -0.433652736829314 -0.138563592531397
5.71428571428571 0.038164136831762 -0.430891444859895 -0.128345157802437
5.84717607973422 0.0342053967313142 -0.427367110107884 -0.117585138929053
5.98006644518272 0.0306414604655541 -0.423146008587184 -0.106345457891362
6.11295681063123 0.0274353036864665 -0.418291822106825 -0.0946862394925326
6.24584717607973 0.024553012125395 -0.412865520875167 -0.0826656373259759
6.37873754152824 0.0219635793061516 -0.406925280057933 -0.0703396921785866
6.51162790697675 0.019638708761179 -0.400526435074856 -0.0577622194009293
6.64451827242525 0.0175526156813088 -0.393721457334407 -0.0449847216792458
6.77740863787376 0.0156818390316981 -0.386559959460559 -0.0320563264259123
6.91029900332226 0.0140050650795973 -0.379088715836452 -0.0190237419199896
7.04318936877076 0.0125029551964574 -0.371351706242421 -0.00593123325038567
7.17607973421927 0.011157979317784 -0.363390165191983 0.00717938663404668
7.30897009966777 0.00995427162925297 -0.355242654053272 0.0202687508243564
7.44186046511628 0.00887748039947315 -0.346945131693478 0.033299919576926
7.57475083056478 0.00791464775663044 -0.338531042124868 0.0462383523268161
7.70764119601329 0.00705406886207708 -0.330031398584315 0.0590518662758318
7.84053156146179 0.0062851961635294 -0.321474882406861 0.0717105916342932
7.9734219269103 0.00559851735527791 -0.312887935544511 0.0841869164347645
8.1063122923588 0.00498547596542015 -0.304294862805495 0.096455427877028
8.23920265780731 0.00443836861709717 -0.295717928886012 0.108492844902744
8.37209302325581 0.0039502732674735 -0.28717746171054 0.120277952318899
8.50498338870432 0.00351496931143125 -0.27869194849892 0.131791526771456
8.63787375415282 0.00312687030541092 -0.270278135634994 0.143016263613579
8.77076411960133 0.00278096486949823 -0.261951127099703 0.153936698729705
8.90365448504983 0.00247275580726315 -0.253724477391781 0.164539134607403
9.03654485049834 0.00219821562177659 -0.245610284303707 0.174811557601836
9.16943521594684 0.00195373326432199 -0.237619278881184 0.184743562356746
9.30232558139535 0.00173607708557136 -0.229760914736132 0.19432627256764
9.43521594684385 0.00154235495971551 -0.222043446784478 0.203552264324804
9.56810631229236 0.00136997809715342 -0.214474017231598 0.212415485786099
9.70099667774086 0.00121663250719907 -0.207058730628353 0.220911185814567
9.83388704318937 0.00108024631059709 -0.199802727859858 0.229035835820036
9.96677740863787 0.000958974453559166 -0.192710256571574 0.236787057890214
10.0996677740864 0.000851165649090053 -0.185784741226697 0.244163552929149
10.2325581395349 0.000755347513852613 -0.179028845072183 0.251165033381443
10.3654485049834 0.000670201930751833 -0.172444530358265 0.257792151816805
10.4983388704319 0.000594556664211956 -0.166033118127895 0.264046438930887
10.6312292358804 0.000527365297675735 -0.159795341292088 0.269930238056606
10.7641196013289 0.000467694119664118 -0.153731396292273 0.275446645673961
10.8970099667774 0.000414710915229909 -0.147840991970204 0.280599450249552
11.0299003322259 0.000367675039759947 -0.142123394490113 0.2853930790641
11.1627906976744 0.000325927789796828 -0.136577471850456 0.289832540486984
11.2956810631229 0.000288879974908047 -0.131201730184088 0.29392337424024
11.4285714285714 0.000256007314489693 -0.125994355535885 0.297671600392678
11.5614617940199 0.000226844020779321 -0.120953245990232 0.301083672912529
11.6943521594684 0.000200976751352162 -0.116076046426576 0.304166433863055
11.8272425249169 0.00017803578268264 -0.111360176508399 0.306927071045422
11.9601328903654 0.000157693148668818 -0.10680286147006 0.309373076044681
12.093023255814 0.000139658217026518 -0.102401156687412 0.31151220695321
12.2259136212625 0.000123671529668818 -0.0981519711786603 0.313352451405163
12.358803986711 0.000109501298788152 -0.0940520920008267 0.314901990895621
12.4916943521595 9.69429000180812E-05 -0.0900982047430176 0.316169170311146
12.624584717608 8.58159763947326E-05 -0.0862869112463625 0.317162465956447
12.7574750830565 7.59570744872661E-05 -0.0826147474221631 0.317890456581147
12.890365448505 6.72236301999731E-05 -0.0790781998216031 0.318361797415602
13.0232558139535 5.94880992633891E-05 -0.0756737204919064 0.318585195116173
13.156146179402 5.26382429670867E-05 -0.0723977385179118 0.318569382619357
13.2890365448505 4.65713887186357E-05 -0.0692466749667488 0.318323098537376
13.421926910299 4.11995987064868E-05 -0.0662169519837822 0.317855067601616
13.5548172757475 3.64445285395424E-05 -0.0633050035239413 0.317173979844952
13.687707641196 3.22347650001555E-05 -0.060507282356737 0.316288474383958
13.8205980066445 2.85089557355272E-05 -0.0578202721202053 0.31520712362586
13.953488372093 2.52109531975209E-05 -0.0552404905655117 0.313938418069169
14.0863787375415 2.22937128150203E-05 -0.0527644973520373 0.312490751765753
14.21926910299 1.97112017186598E-05 -0.0503889005012539 0.310872413399435
14.3521594684385 1.74265180112187E-05 -0.0481103619330207 0.309091570971283
14.485049833887 1.54050907920987E-05 -0.0459255983626427 0.307156264502923
14.6179401993355 1.36171091104483E-05 -0.0438313881635832 0.305074395545861
14.7508305647841 1.20361002860498E-05 -0.0418245740522913 0.302853720657192
14.8837209302326 1.06367386617284E-05 -0.0399020649455014 0.300501841792294
15.0166112956811 9.40011687102182E-06 -0.0380608382496424 0.298026203096747
15.1495016611296 8.30560774099035E-06 -0.0362979432712861 0.295434082134136
15.2823920265781 7.33930102836059E-06 -0.034610501061851 0.292732587789875
15.4152823920266 6.48407753002338E-06 -0.0329957046191601 0.289928654381523
15.5481727574751 5.72805952375814E-06 -0.0314508219081853 0.28702903992405
15.6810631229236 5.06001174994507E-06 -0.0299731960504549 0.284040321880863
15.8139534883721 4.46959342824147E-06 -0.0285602439808872 0.28096889652971
15.9468438538206 3.94832801409787E-06 -0.0272094574115267 0.27782097620561
16.0797342192691 3.48614703286475E-06 -0.0259184025354094 0.274602588439527
16.2126245847176 3.07907563461821E-06 -0.0246847202090924 0.271319576264324
16.3455149501661 2.71866482991923E-06 -0.0235061230260474 0.26797759712895
16.4784053156146 2.4006653387716E-06 -0.0223803978968763 0.26458212385242
16.6112956810631 2.11936728758923E-06 -0.021305402692641 0.261138444769714
16.7441860465116 1.87102414627973E-06 -0.020279066244492 0.257651665244556
16.8770764119601 1.65204681149279E-06 -0.0192993858357146 0.254126708097147
17.0099667774086 1.45814540670212E-06 -0.0183644290552895 0.250568316895197
17.1428571428571 1.28843804302584E-06 -0.0174723292861461 0.246981056607017
17.2757475083056 1.13754534032887E-06 -0.0166212856809497 0.243369315826046
17.4086378737542 1.0040335796418E-06 -0.0158095615993747 0.239737309660535
17.5415282392027 8.86133594506762E-07 -0.0150354839053651 0.236089082027577
17.6744186046512 7.82665414992105E-07 -0.0142974405034621 0.232428508164493
17.8073089700997 6.91011801383525E-07 -0.0135938787052805 0.228759298687447
17.9401993355482 6.08826259253212E-07 -0.0129233051360788 0.22508500151711
18.0730897009967 5.37901781091986E-07 -0.0122842818276191 0.22140900500731
18.2059800664452 4.74427700499545E-07 -0.0116754266163879 0.217734541964576
18.3388704318937 4.17940498428051E-07 -0.0110954102070599 0.214064693329476
18.4717607973422 3.67611231782282E-07 -0.0105429571945063 0.21040239018818
18.6046511627907 3.24076327635972E-07 -0.0100168406174616 0.20675041888274
18.7375415282392 2.85958939196861E-07 -0.00951588331781437 0.20311142409269
18.8704318936877 2.51903497230287E-07 -0.0090389542546624 0.199487911847368
19.0033222591362 2.23317263421007E-07 -0.00858496996691547 0.19588225368489
19.1362126245847 1.96983816186764E-07 -0.00815288975667191 0.192296691629056
19.2691029900332 1.73567733272613E-07 -0.00774171645735816 0.18873333920756
19.4019933554817 1.52535193861315E-07 -0.00735049506748754 0.185194187048486
19.5348837209302 1.34723959851826E-07 -0.00697830961708944 0.181681106942369
19.6677740863787 1.1884866137186E-07 -0.0066242814912002 0.178195854080196
19.8006644518272 1.04557448562576E-07 -0.00628757112744022 0.174740071169947
19.9335548172757 9.2864728855099E-08 -0.00596737488668419 0.171315293193726
20.0664451827243 8.16318315120616E-08 -0.00566292137762747 0.167922949639427
20.1993355481728 7.1724459273067E-08 -0.00537347444994875 0.164564368321341
20.3322259136213 6.28885689131048E-08 -0.0050983297256702 0.161240780008705
20.4651162790698 5.5720413305744E-08 -0.00483681258735853 0.157953320702279
20.5980066445183 4.97237814491313E-08 -0.00458827774866795 0.154703035130845
20.7308970099668 4.43532688894477E-08 -0.00435211072410184 0.151490881119713
20.8637873754153 4.02635493211407E-08 -0.00412772178794939 0.148317732137564
20.9966777408638 3.59431334449941E-08 -0.00391454862912036 0.145184380712197
21.1295681063123 3.18132248635313E-08 -0.00371205391616645 0.142091541500301
21.2624584717608 2.78638657884786E-08 -0.00351972575326065 0.139039855069214
21.3953488372093 2.43047717815012E-08 -0.00333707254591507 0.136029889702665
21.5282392026578 2.17661241931276E-08 -0.00316362758218996 0.13306214610846
21.6611295681063 1.84996051500022E-08 -0.00299894407421864 0.130137058894556
21.7940199335548 1.64892771193515E-08 -0.00284259680413769 0.127255000239128
21.9269102990033 1.37028778239089E-08 -0.00269417837995298 0.124416282486453
22.0598006644518 1.1807639116328E-08 -0.00255330226786558 0.121621160962275
22.1926910299003 9.64166670385366E-09 -0.00241959820526211 0.118869835830409
22.3255813953488 8.1005194993707E-09 -0.00229271409572515 0.116162456570296
22.4584717607973 7.38777040020655E-09 -0.00217231332107308 0.113499122597852
22.5913621262458 6.59651097276612E-09 -0.00205807677698943 0.110879886206601
22.7242524916944 7.07025693498701E-09 -0.00194969868793112 0.108304755855206
22.8571428571429 5.83042971538946E-09 -0.00184688893597875 0.105773697405743
22.9900332225914 4.89558710618249E-09 -0.00174936999700343 0.1032866362645
23.1229235880399 3.65641561297624E-09 -0.00165687883846696 0.100843460825826
23.2558139534884 3.20143040470767E-09 -0.00156916341888212 0.0984440236553729
23.3887043189369 3.36653761018081E-09 -0.00148598489078579 0.096088143010211
23.5215946843854 2.70229099688221E-09 -0.00140711601478316 0.0937756055388056
23.6544850498339 3.16720713591237E-09 -0.00133234008635977 0.0915061684734941
23.7873754152824 1.66691131039429E-09 -0.0012614506497805 0.0892795605666833
23.9202657807309 1.98696752259861E-09 -0.00119425053129278 0.0870954842490452
24.0531561461794 1.05059233720555E-09 -0.00113055431009329 0.0849536179140836
24.1860465116279 1.4532297005366E-09 -0.00107018352414737 0.0828536162376938
24.3189368770764 1.80286600086572E-09 -0.00101296928104673 0.0807951128311785
24.4518272425249 2.6296448735504E-09 -0.000958751644658646 0.0787777212051602
24.5847176079734 3.33805241367534E-09 -0.000907377560091558 0.0768010372481246
24.7176079734219 1.84610665654257E-09 -0.000858701227861695 0.0748646385476036
24.8504983388704 1.66399813838055E-09 -0.000812584272041133 0.072968088292525
24.9833887043189 5.84673636717623E-10 -0.000768897092032703 0.071110933730955
25.1162790697674 1.19974140986584E-09 -0.000727512809986702 0.0692927105722172
25.2491694352159 5.64570785570737E-10 -0.000688314229235229 0.0675129410444395
25.3820598006645 2.86355794456033E-10 -0.000651188416299789 0.0657711375623379
25.514950166113 2.57597845547336E-11 -0.000616028732182424 0.0640668022614886
25.6478405315615 -8.41294111838329E-10 -0.000582731619269987 0.062399428603835
25.78073089701 -8.97416825069015E-10 -0.000551202774616353 0.0607685018334827
25.9136212624585 -1.95083002612846E-09 -0.000521349485081132 0.0591735010716611
26.046511627907 -7.57074035344432E-10 -0.000493084859580061 0.0576138991656982
26.1794019933555 -6.55012034052989E-10 -0.000466325841823978 0.0560891634141746
26.312292358804 5.60963975929916E-11 -0.000440995266507202 0.0545987574914158
26.4451827242525 -1.27815594716937E-10 -0.000417016798150434 0.0531421411688755
26.578073089701 3.90568610658073E-11 -0.000394320594644614 0.0517187712637082
26.7109634551495 2.11030615200171E-10 -0.000372839322134093 0.0503281026086349
26.843853820598 -2.36643007858525E-10 -0.000352509650347017 0.0489695891470555
26.9767441860465 3.89819153865649E-10 -0.000333270238249807 0.0476426830772658
27.109634551495 1.48959268512871E-10 -0.000315064256759806 0.0463468365553015
27.2425249169435 5.67138147502343E-10 -0.000297837626374963 0.0450815027503599
27.375415282392 1.67639537534564E-10 -0.000281537830674826 0.0438461348866425
27.5083056478405 2.54726751865913E-10 -0.000266116556721356 0.0426401874194027
27.641196013289 1.37434730275757E-10 -0.000251527311484299 0.0414631176017294
27.7740863787375 8.05066374315662E-11 -0.000237726250105032 0.0403143838760792
27.906976744186 5.84356581803654E-10 -0.000224670985895324 0.0391934475580948
28.0398671096346 7.98427381042487E-10 -0.000212322499194063 0.038099773185035
28.1727574750831 1.21350715710822E-09 -0.000200642747562337 0.037032829018364
28.3056478405316 8.03343957410033E-10 -0.000189596183447155 0.0359920856445857
28.4385382059801 4.46974158806708E-10 -0.000179149248185698 0.0349770191257898
28.5714285714286 -5.95100379078208E-12 -0.000169269797832011 0.0339871092625803
28.7043189368771 -2.74434985810561E-10 -0.000159927818216487 0.033021840384767
28.8372093023256 -2.68416952541243E-10 -0.000151094289178076 0.032080701447838
28.9700996677741 -3.09789115955881E-10 -0.000142742044354115 0.031163186978828
29.1029900332226 -2.06305013112106E-10 -0.000134845218597035 0.0302687961443264
29.2358803986711 -7.14209951063432E-10 -0.000127379721805589 0.0293970336254757
29.3687707641196 -1.54229899348181E-09 -0.000120321559988359 0.0285474102900847
29.5016611295681 -1.6106269413761E-09 -0.000113649686503401 0.0277194423135476
29.6345514950166 -5.26641304027884E-10 -0.000107343376210575 0.0269126514214131
29.7674418604651 6.35451314183949E-10 -0.000101382288069873 0.0261265657357753
29.9003322259136 3.44241007162818E-10 -9.57472900269738E-05 0.0253607197066262
30.0332225913621 2.2334842468987E-10 -9.0421960974013E-05 0.0246146537754361
30.1661129568106 8.07517185550177E-10 -8.53886169745249E-05 0.0238879148772735
30.2990033222591 1.11669972037456E-09 -8.06318680317381E-05 0.023180055809478
30.4318936877076 6.44587393924412E-10 -7.61372824920909E-05 0.022490636347293
30.5647840531561 6.5057290442427E-10 -7.18903754166277E-05 0.0218192221425385
30.6976744186047 1.69205617745372E-09 -6.78765572155835E-05 0.0211653863359892
30.8305647840532 1.620481909191E-09 -6.40840831686514E-05 0.0205287078704703
30.9634551495017 7.04942335325491E-10 -6.05013336139377E-05 0.0199087726559066
31.0963455149502 1.19533553254018E-10 -5.71160320610318E-05 0.0193051723804426
31.2292358803987 7.22915902414309E-10 -5.39181104690011E-05 0.0187175062363074
31.3621262458472 1.05652455782532E-09 -5.08972259222046E-05 0.0181453796730404
31.4950166112957 5.88595599534796E-10 -4.80432422898994E-05 0.0175884045436247
31.6279069767442 4.38418415473278E-10 -4.53464767367478E-05 0.0170461995730589
31.7607973421927 3.06821320878019E-10 -4.27995469559586E-05 0.0165183896881309
31.8936877076412 9.41187452787854E-11 -4.0393722449227E-05 0.0160046060939991
32.0265780730897 -4.11252616369062E-10 -3.81211629823357E-05 0.0155044866325981
32.1594684385382 -1.15649734933514E-10 -3.59746273814723E-05 0.0150176759511176
32.2923588039867 -5.03106219535737E-10 -3.39472153570428E-05 0.0145438246921836
32.4252491694352 -1.45017571377831E-09 -3.20322733560793E-05 0.0140825891859464
32.5581395348837 -1.81308950005692E-09 -3.02239662852821E-05 0.0136336330329748
32.6910299003322 -1.40722738275578E-09 -2.85166438307853E-05 0.0131966248377488
32.8239202657807 -1.42266803373506E-09 -2.69041924646175E-05 0.0127712401342124
32.9568106312292 -1.72793990371551E-09 -2.53814038140476E-05 0.012357159953301
33.0897009966777 -7.32508703030397E-10 -2.39432568619092E-05 0.0119540719060332
33.2225913621262 8.99726628509698E-11 -2.25851356736539E-05 0.0115616683071225
33.3554817275748 -2.01489082515079E-10 -2.13024947897379E-05 0.0111796477778141
33.4883720930233 -9.88623645965151E-10 -2.00912555118878E-05 0.010807714744639
33.6212624584718 -1.15328493905392E-10 -1.89473557254916E-05 0.0104455790190695
33.7541528239203 1.23071456974944E-09 -1.78670309906404E-05 0.010092956018787
33.8870431893688 1.47011510125902E-09 -1.68471221733659E-05 0.00974956612071079
34.0199335548173 5.57495850538594E-10 -1.58835430821236E-05 0.00941513564025756
34.1528239202658 1.25481476890708E-10 -1.49736716176379E-05 0.00908939494961016
34.2857142857143 3.41345412958988E-10 -1.41144587633634E-05 0.00877208023484391
34.4186046511628 1.44402737294826E-10 -1.33031447722433E-05 0.00846293285369709
34.5514950166113 1.24522882074913E-11 -1.25367579229252E-05 0.00816169867507628
34.6843853820598 5.89135060755236E-10 -1.18131326536171E-05 0.00786812793091548
34.8172757475083 1.08212270425534E-09 -1.11294621773612E-05 0.00758197582362662
34.9501661129568 2.19380428978864E-10 -1.04828820042466E-05 0.00730300218807512
35.0830564784053 -8.35774232707328E-10 -9.87254178574769E-06 0.00703097064924544
35.2159468438538 -6.92889417537429E-10 -9.29544216379755E-06 0.00676564997658456
35.3488372093023 -2.82099525862267E-11 -8.75015925172598E-06 0.00650681291392625
35.4817275747508 -4.84503150144049E-11 -8.23476328975795E-06 0.0062542353790395
35.6146179401993 -5.72686469734893E-10 -7.74804396125846E-06 0.00600769749263436
35.7475083056478 -1.04196516368496E-09 -7.28712743995501E-06 0.00576698417304842
35.8803986710964 -1.46109783756684E-09 -6.85110366863084E-06 0.00553188315243008
36.0132890365449 -2.00344584069347E-09 -6.4387617548011E-06 0.00530218583398414
36.1461794019934 -1.71026019508432E-09 -6.04835833408982E-06 0.00507768714994444
36.2790697674419 -1.05938664227913E-09 -5.67880071154809E-06 0.00485818517440541
36.4119601328904 -5.48653542590653E-10 -5.3290958309268E-06 0.00464348080327578
36.5448504983389 -4.07405083495216E-10 -4.99742900993945E-06 0.00443337934887055
36.6777408637874 2.43022816975032E-10 -4.68266896771881E-06 0.00422768803990023
36.8106312292359 9.74156874267905E-10 -4.38407202787041E-06 0.00402621697242697
36.9435215946844 6.60609506044428E-10 -4.10069074175618E-06 0.00382877854705551
37.0764119601329 8.07636017061403E-10 -3.83140577396474E-06 0.00363518886237734
37.2093023255814 1.26527397952586E-09 -3.575552193903E-06 0.00344526540888254
37.3421926910299 1.78537380141646E-09 -3.331850729244E-06 0.0032588286574787
37.4750830564784 1.02630612554759E-09 -3.09982885356842E-06 0.00307570074671064
37.6079734219269 1.09291197455327E-09 -2.87842607392484E-06 0.00289570612914881
37.7408637873754 1.52557132870769E-09 -2.66752771613037E-06 0.00271867074532808
37.8737541528239 8.61940673069043E-10 -2.46586219965273E-06 0.00254442332473911
38.0066445182724 -1.24990091124142E-10 -2.27284243902309E-06 0.00237279306774491
38.1395348837209 -3.12617649079711E-10 -2.08743815412947E-06 0.00220361148162057
38.2724252491694 1.38466754701854E-09 -1.90938457978007E-06 0.00203671059690476
38.4053156146179 1.5431032166605E-09 -1.73756260079517E-06 0.00187192464999225
38.5382059800665 1.188288133116E-09 -1.57220643199067E-06 0.00170908838000876
38.671096345515 5.28435224952489E-11 -1.41212717268365E-06 0.00154803754920585
38.8039867109635 -9.25971447939318E-11 -1.25713158403545E-06 0.0013886088104037
38.936877076412 -1.56647886166661E-10 -1.10637130931204E-06 0.00123063953403026
39.0697674418605 -7.29371602427492E-10 -9.59520983963499E-07 0.0010739675974654
39.202657807309 -5.96998164290006E-10 -8.16007851384677E-07 0.000918430919747444
39.3355481727575 -8.85428873567818E-10 -6.75552835653727E-07 0.000763868190985108
39.468438538206 -2.88992847306301E-10 -5.37852376545294E-07 0.000610117591123288
39.6013289036545 -1.24449018003077E-09 -4.01928093514951E-07 0.000457017556360815
39.734219269103 -1.1858413230598E-09 -2.67338339582188E-07 0.000304406232965462
39.8671096345515 -1.08963807341258E-09 -1.33480266183139E-07 0.000152121379591941
