10 1.72730521088627 13.0466239557574 31.4076466206398
11 1.26365251958847 10.7930926170003 26.4215659933431
12 0.914189474068616 9.04095566982112 22.486747210249
13 0.646002185415783 7.65447404093355 19.3333954425262
14 0.437012711234727 6.54046515071025 16.7714760325733
15 0.272002893031036 5.63335669999598 14.6645070268381
16 0.140232792149337 4.88598754436926 12.9126842445682
17 0.033965185173557 4.26377585715389 11.4418060825752
18 -0.0524759729883117 3.74092297288763 10.1958639360225
19 -0.123322176579545 3.29788307795868 9.13199250329447
20 -0.18177363047152 2.91964030342772 8.21696775017383
21 -0.230281981614994 2.59451277420615 7.42473821447751
22 -0.270747362924371 2.31330781847343 6.73465810143852
23 -0.304658034837459 2.06871566513762 6.13020469924836
24 -0.333190860630535 1.85486793566405 5.59803508823822
25 -0.357284608312968 1.66701182752147 5.12728390073032
26 -0.377694110014496 1.50126670913209 4.70903459112532
27 -0.395030746436823 1.35444021330589 4.33591713542507
28 -0.409793035782616 1.22388782335185 4.00179891196494
29 -0.422389976502082 1.10740461989329 3.70154499565634
30 -0.433159025232555 1.00314106477299 3.43083067981766
31 -0.442380062094518 0.909536930431049 3.18599366464096
32 -0.450286326067208 0.825269055357874 2.96391663853124
33 -0.457073042137964 0.749209726649874 2.76193334014731
34 -0.462904275399034 0.680393297898961 2.57775290286898
35 -0.467918412577142 0.617989238159886 2.40939853920516
36 -0.472232573254498 0.561280239476989 2.25515755114053
37 -0.475946180738828 0.509644330597234 2.11354034479778
38 -0.479143868852497 0.462540183923225 1.98324664830255
39 -0.481897860717697 0.419494983266586 1.86313752605978
40 -0.484269925288394 0.380094357090057 1.75221208355855
41 -0.486312994328678 0.343973986852523 1.64958798804228
42 -0.488072504897025 0.310812580910671 1.554485109228
43 -0.489587518803959 0.280325967120194 1.46621172346198
44 -0.490891659977096 0.252262106195013 1.38415283370111
45 -0.492013902452887 0.226396866278568 1.30776024354607
46 -0.492979235275588 0.202530429490732 1.2365440915205
47 -0.493809225509663 0.180484225267985 1.17006560588724
48 -0.494522496554051 0.1600983045067 1.10793088356748
49 -0.495135135750393 0.141229083905344 1.04978553150927
50 -0.495661042724595 0.123747402297557 0.995310036935886
51 -0.496112227852866 0.107536840799778 0.94421575568055
52 -0.496499068594473 0.0924922667518443 0.896241426361888
53 -0.496830530100978 0.0785185680855913 0.851150133323807
54 -0.497114355430412 0.0655295502121043 0.808726653713426
55 -0.497357229814907 0.053446972006538 0.768775134331747
56 -0.497564922710785 0.0421997011770644 0.731117052376728
57 -0.497742410771354 0.0317229723745252 0.695589421238554
58 -0.497893984395723 0.0219577339540261 0.662043208370983
59 -0.49802334010686 0.0128500714287506 0.630341937159638
60 -0.498133660677527 0.0043506974379722 0.600360448811938
61 -0.498227684646214 -0.00358550045475202 0.571983803743198
62 -0.498307766631241 -0.0109998615605858 0.545106304840544
63 -0.498375929655872 -0.0179303098290053 0.519630627444835
64 -0.498433910531762 -0.0244116730487211 0.495467042973591
65 -0.498483199206379 -0.0304759681989248 0.472532724879012
66 -0.49852507286146 -0.0361526570210089 0.450751127144175
67 -0.498560625444803 -0.0414688753318058 0.430051426808328
68 -0.498590793230526 -0.0464496391334871 0.410368023116975
69 -0.498616376925696 -0.0511180301745243 0.391640086838213
70 -0.498638060774692 -0.0554953632760618 0.373811154102497
71 -0.498656429055571 -0.0596013374433574 0.356828759824452
72 -0.498671980312271 -0.0634541725307417 0.340644106372699
73 -0.498685139622085 -0.067070733011615 0.325211763678257
74 -0.498696269160455 -0.0704666402159873 0.310489397428505
75 -0.498705677290837 -0.0736563742382572 0.29643752238886
76 -0.498713626378532 -0.0766533665745728 0.283019278239619
77 -0.498720339501324 -0.0794700844293446 0.270200225616307
78 -0.498726006207383 -0.0821181075221185 0.25794816030439
79 -0.498730787451362 -0.0846081981342423 0.246232943770058
80 -0.49873481982225 -0.0869503650528858 0.235026348409837
81 -0.498738219161071 -0.0891539219990725 0.224301916080071
82 -0.498741083654326 -0.0912275410633587 0.214034828622621
83 -0.498743496476576 -0.093179301618019 0.204201789241004
84 -0.498745528046109 -0.0950167351257815 0.194780913702649
85 -0.498747237948934 -0.0967468662221021 0.185751630449937
86 -0.49874867657829 -0.0983762504099943 0.177094588798155
87 -0.498749886531027 -0.0999110086722005 0.168791574482118
88 -0.498750903795761 -0.101356859276244 0.160825431888736
89 -0.498751758763408 -0.102719147019975 0.153179992378209
90 -0.498752477085591 -0.10400287014217 0.145840008156974
91 -0.498753080403924 -0.105212705101103 0.138791091217112
92 -0.498753586968711 -0.106353029404537 0.132019656904762
93 -0.498754012163706 -0.107427942657999 0.125512871721572
94 -0.49875436895096 -0.108441285982307 0.119258605001411
95 -0.498754668247598 -0.109396659937401 0.113245384137779
96 -0.498754919244671 -0.110297441077882 0.107462353067667
97 -0.498755129677228 -0.11114679725315 0.101899233744895
98 -0.498755306052429 -0.111947701755659 0.0965462903605507
99 -0.498755453842514 -0.112702946412019 0.0913942960891783
100 -0.498755577647705 -0.113415153701991 0.0864345021602841
101 -0.498755681333894 -0.114086787984884 0.0816586090717394
102 -0.498755768148753 -0.114720165903482 0.0770587397781956
103 -0.498755840819672 -0.115317466032799 0.0726274147014836
104 -0.498755901636415 -0.115880737831614 0.0683575284242926
105 -0.498755952520679 -0.116411909953327 0.0642423279389151
106 -0.498755995084913 -0.11691279796456 0.0602753923347548
107 -0.498756030681474 -0.117385111519022 0.0564506138173995
108 -0.498756060444437 -0.117830461027524 0.0527621799612431
109 -0.498756085324459 -0.118250363863628 0.0492045571055431
110 -0.498756106118285 -0.118646250139786 0.0457724748113111
111 -0.498756123493399 -0.119019468086734 0.0424609113028019
112 -0.498756138008967 -0.119371289066319 0.0392650798238727
113 -0.498756150133215 -0.119702912244618 0.036180415844687
114 -0.498756160258092 -0.120015468951357 0.0332025650592649
115 -0.498756168711736 -0.120310026748117 0.0303273721194595
116 -0.498756175768677 -0.120587593227384 0.0275508700545669
117 -0.498756181658575 -0.120849119561782 0.0248692703299486
118 -0.498756186573589 -0.121095503821911 0.0222789535017813
119 -0.498756190674356 -0.121327594079082 0.0197764604277004
120 -0.498756194095139 -0.121546191308858 0.0173584839967569
121 -0.498756196948252 -0.12175205210966 0.0150218613442693
122 -0.498756199327478 -0.121945891248662 0.0127635665200151
123 -0.4987562013112 -0.122128384048894 0.0105807035803434
124 -0.498756202964936 -0.122300168626641 0.0084705000768696
125 -0.498756204343318 -0.122461847991167 0.00643030091674
126 -0.498756205492025 -0.122613992015466 0.00445756257027887
127 -0.498756206449213 -0.122757139287257 0.00254984760491717
128 -0.498756207246671 -0.122891798847955 0.00070481952462934
129 -0.498756207910937 -0.123018451828078 -0.00107976210433412
130 -0.498756208464213 -0.123137552984854 -0.00280604625837333
131 -0.498756208924956 -0.123249532149702 -0.00447609480919038
132 -0.498756209308594 -0.123354795590691 -0.00609188663933081
133 -0.498756209628012 -0.123453727296447 -0.00765532153485647
134 -0.498756209893873 -0.123546690185513 -0.00916822386852295
135 -0.498756210115166 -0.123634027247154 -0.010632346086219
136 -0.498756210299317 -0.12371606261708 -0.0120493720079613
137 -0.498756210452594 -0.12379310259297 -0.0134209199547767
138 -0.498756210580076 -0.123865436592816 -0.0147485457111429
139 -0.498756210686126 -0.123933338060429 -0.0160337453333851
140 -0.498756210774374 -0.123997065321068 -0.017277957812043
141 -0.498756210847725 -0.124056862389685 -0.0184825675973547
142 -0.498756210908746 -0.124112959735964 -0.01964890699544
143 -0.498756210959492 -0.124165575007426 -0.0207782584423249
144 -0.49875621100168 -0.124214913713728 -0.0218718566634183
145 -0.498756211036737 -0.124261169874776 -0.0229308907240285
146 -0.498756211065885 -0.124304526633714 -0.0239565059779619
147 -0.498756211090102 -0.124345156838045 -0.024949805919144
148 -0.49875621111025 -0.124383223589852 -0.0259118539421701
149 -0.498756211126973 -0.124418880767006 -0.0268436750166807
150 -0.498756211140882 -0.124452273517582 -0.0277462572802383
151 -0.498756211152427 -0.124483538727831 -0.028620553554277
152 -0.49875621116202 -0.124512805466537 -0.0294674827874322
153 -0.498756211169985 -0.124540195405747 -0.0302879314299061
154 -0.498756211176593 -0.124565823220109 -0.0310827547430512
155 -0.498756211182078 -0.124589796965548 -0.0318527780471813
156 -0.498756211186657 -0.124612218437958 -0.0325987979112709
157 -0.498756211190442 -0.124633183514171 -0.0333215832876337
158 -0.498756211193585 -0.12465278247459 -0.0340218765942709
159 -0.498756211196191 -0.124671100309789 -0.0347003947479015
160 -0.498756211198372 -0.124688217010918 -0.035357830150203
161 -0.498756211200174 -0.124704207845264 -0.0359948516295186
162 -0.49875621120165 -0.124719143617611 -0.0366121053407817
163 -0.498756211202905 -0.124733090918082 -0.037210215625417
164 -0.498756211203931 -0.124746112356948 -0.0377897858333722
165 -0.498756211204777 -0.124758266787553 -0.0383513991094135
166 -0.498756211205499 -0.124769609517277 -0.038895619145371
167 -0.49875621120608 -0.124780192507832 -0.0394229908997727
168 -0.498756211206565 -0.124790064564835 -0.0399340412872549
169 -0.49875621120697 -0.124799271517325 -0.040429279838346
170 -0.498756211207296 -0.12480785638821 -0.0409091993318232
171 -0.498756211207577 -0.124815859555288 -0.0413742764005364
172 -0.498756211207791 -0.124823318903873 -0.041824972112332
173 -0.498756211208005 -0.124830269971208 -0.0422617325268832
174 -0.498756211208161 -0.124836746083333 -0.0426849892300746
175 -0.498756211208287 -0.124842778484131 -0.0430951598466141
176 -0.498756211208393 -0.12484839645805 -0.0434926485320252
177 -0.498756211208478 -0.124853627445442 -0.043877846445239
178 -0.498756211208568 -0.124858497152147 -0.0442511322021518
179 -0.498756211208609 -0.124863029652644 -0.0446128723115682
180 -0.498756211208685 -0.124867247488011 -0.0449634215941002
181 -0.49875621120872 -0.12487117175771 -0.045303123584731
182 -0.49875621120875 -0.124874822207135 -0.0456323109199798
183 -0.498756211208792 -0.124878217309309 -0.04595130571008
184 -0.498756211208793 -0.124881374342923 -0.0462604198972384
185 -0.498756211208819 -0.124884309465104 -0.0465599556000272
186 -0.498756211208835 -0.124887037780556 -0.0468502054452908
187 -0.498756211208867 -0.124889573406752 -0.0471314528870788
188 -0.498756211208862 -0.124891929534703 -0.0474039725143226
189 -0.498756211208873 -0.124894118487315 -0.0476680303466392
190 -0.498756211208888 -0.124896151773333 -0.0479238841197473
191 -0.498756211208878 -0.124898040138728 -0.0481717835599405
192 -0.498756211208883 -0.124899793614605 -0.0484119706490597
193 -0.498756211208902 -0.124901421562917 -0.0486446798795859
194 -0.498756211208893 -0.124902932718659 -0.0488701385006691
195 -0.498756211208904 -0.124904335230206 -0.0490885667552533
196 -0.498756211208905 -0.124905636696969 -0.0493001781089488
197 -0.498756211208894 -0.124906844204514 -0.0495051794704071
198 -0.498756211208908 -0.12490796435824 -0.0497037714043892
199 -0.498756211208915 -0.124909003314041 -0.0498961483368026
200 -0.498756211208891 -0.124909966808097 -0.0500824987530693
