0 0 0 0
0.03125 0.0605770771547715 0.0214145892185609 0.0116563596318758
0.0625 0.117426632851684 0.0414958851018309 0.0225854127273954
0.09375 0.170720692758756 0.0602904583795509 0.0328110744705224
0.125 0.220624225646149 0.077843595357496 0.042356685472009
0.15625 0.26729541478357 0.0941993290440748 0.0512450232800049
0.1875 0.31088591931765 0.10940046958184 0.0594983136856839
0.21875 0.351541125988964 0.12348863399858 0.0671382418272488
0.25 0.389400391535702 0.13650427529237 0.0741859630956249
0.28125 0.424597276118817 0.148486710864654 0.0806621138451027
0.3125 0.457259768091651 0.159474150315168 0.0865868219121359
0.34375 0.487510500425711 0.16950372261221 0.0919797169454556
0.375 0.515466959093229 0.178611502651501 0.0968599405506109
0.40625 0.541241683696584 0.186832537216621 0.101246156251996
0.4375 0.564942460624406 0.194200870353712 0.10515655927538
0.46875 0.586672509004304 0.200749568172907 0.108608886153907
0.5 0.606530659712633 0.206510743088694 0.111620424160486
0.53125 0.624611527692493 0.211515577511136 0.114208020569451
0.5625 0.641005677822288 0.215794346999684 0.116388091750318
0.59375 0.655799784568587 0.219376442891025 0.118176632096429
0.625 0.669076785648738 0.222290394412209 0.119589222791227
0.65625 0.68091602992073 0.224563890290057 0.120641040414863
0.6875 0.691393419710044 0.226223799867626 0.121346865393795
0.71875 0.700581547775827 0.227296193738288 0.121721090295993
0.75 0.708549829111522 0.227806363907769 0.121777727974329
0.78125 0.715364627768147 0.227778843494268 0.121530419560695
0.8125 0.721089378881755 0.227237425976591 0.120992442313333
0.84375 0.725784706080105 0.226205184000005 0.120176717319843
0.875 0.72950853443739 0.224704487749349 0.11909581705829
0.90625 0.732316199139807 0.222757022898695 0.117761972818782
0.9375 0.734260550018998 0.220383808146731 0.116187081987874
0.96875 0.735392052104736 0.21760521234677 0.1143827151981
1 0.735758882342885 0.214440971240177 0.112360123344896
1.03125 0.735407022619391 0.210910203801771 0.110130244473168
1.0625 0.734380349226071 0.207031428205618 0.107703710535684
1.09375 0.732720718899083 0.202822577419431 0.105090854025473
1.125 0.730468051556287 0.198301014435659 0.102301714484349
1.15625 0.727660409855186 0.19348354714712 0.0993460448896623
1.1875 0.724334075688766 0.188386442874957 0.0962333179213474
1.21875 0.720523623732341 0.183025442556432 0.0929727321112911
1.25 0.716261992150475 0.17741577460002 0.0895732178770249
1.28125 0.711580550569087 0.171572168415026 0.0860434434417091
1.3125 0.706509165414108 0.165508867622852 0.0823918206423452
1.34375 0.701076262714391 0.159239642956873 0.0786265106281218
1.375 0.695308888463053 0.152777804857728 0.0747554294507717
1.40625 0.689232766628042 0.146136215770715 0.0707862535487838
1.4375 0.682872354899442 0.139327302151815 0.0667264251272894
1.46875 0.676250898257874 0.132363066188749 0.0625831574354068
1.5 0.669390480445289 0.125255097243332 0.0583634399428084
1.53125 0.66231207341653 0.118014583021259 0.0540740434172363
1.5625 0.655035584847181 0.110652320475342 0.0497215249046745
1.59375 0.647579903770507 0.103178726448053 0.0453122326138512
1.625 0.639962944413631 0.0956038480591658 0.0408523107067226
1.65625 0.632201688300548 0.087937372844107 0.0363477039965599
1.6875 0.624312224687152 0.0801886386485512 0.0318041625552386
1.71875 0.616309789391033 0.0723666432846617 0.0272272462313003
1.75 0.608208802076558 0.0644800539542673 0.0226223290803337
1.78125 0.600022902053531 0.0565372164441544 0.0179946037091976
1.8125 0.591764982645599 0.0485461640985484 0.013349085535582
1.84375 0.583447224182525 0.0405146265737463 0.00869061696437989
1.875 0.575081125668482 0.0324500383797624 0.00402387148232114
1.90625 0.566677535176592 0.0243595472137432 -0.000646642327706864
1.9375 0.558246679018131 0.0162500220898109 -0.00531657685124902
1.96875 0.549798189733009 0.00812806126989287 -0.00998174158440127
2 0.541341132946451 0 -0.0146380993521002
2.03125 0.532884033135164 -0.00812808194367637 -0.0192817626012489
2.0625 0.524434898344647 -0.0162503528945744 -0.0239089897673625
2.09375 0.516001243897807 -0.0243612221172923 -0.0285161817134404
2.125 0.507590115133558 -0.0324553328067437 -0.0330998782397955
2.15625 0.499208109212635 -0.0405275552609267 -0.0376567546635841
2.1875 0.490861396026504 -0.0485729802233834 -0.0421836184668098
2.21875 0.482555738243918 -0.0565869123915086 -0.0466774060115873
2.25 0.47429651052839 -0.0645648640869469 -0.0511351793214751
2.28125 0.466088717958612 -0.0725025490844008 -0.0555541229277052
2.3125 0.457937013682697 -0.0803958765952476 -0.0599315407791575
2.34375 0.44984571583593 -0.0882409454024418 -0.0642648532149425
2.375 0.441818823750652 -0.0960340381432531 -0.0685515939984785
2.40625 0.433860033485804 -0.103771615736466 -0.0727894074119661
2.4375 0.425972752702674 -0.111450311950741 -0.0769760454101782
2.46875 0.418160114912354 -0.119066928110893 -0.081109364832506
2.5 0.410424993119494 -0.126618427938947 -0.0851873246722159
2.53125 0.402770012886028 -0.134101932526851 -0.0892079834018902
2.5625 0.395197564837623 -0.141514715437835 -0.0931694963540396
2.59375 0.387709816634802 -0.148854197933447 -0.0970701131558974
2.625 0.38030872442982 -0.156117944323364 -0.100908175217415
2.65625 0.372996043829624 -0.163303657435145 -0.104682113271495
2.6875 0.36577334038443 -0.170409174201154 -0.108390444965529
2.71875 0.358641999620739 -0.177432461359923 -0.11203177250329
2.75 0.351603236636892 -0.184371611269315 -0.115604780336283
2.78125 0.344658105278584 -0.191224837828873 -0.119108232903649
2.8125 0.337807506911107 -0.197990472508828 -0.122540972419729
2.84375 0.331052198804441 -0.204666960483256 -0.125901916708437
2.875 0.32439280214672 -0.211252856864972 -0.12919005708357
2.90625 0.317829809701005 -0.217746823039763 -0.132404456274216
2.9375 0.311363593119715 -0.224147623097642 -0.135544246394449
2.96875 0.304994409930551 -0.230454120358838 -0.138608626956474
3 0.298722410207184 -0.236665273992293 -0.141596862926441
3.03125 0.292547642937508 -0.242780135724491 -0.144508282822133
3.0625 0.286470062101749 -0.24879784663648 -0.147342276851757
3.09375 0.280489532472247 -0.254717634047007 -0.150098295093081
3.125 0.274605835146296 -0.260538808479715 -0.152775845712158
3.15625 0.268818672822972 -0.266260760712424 -0.155374493220919
3.1875 0.263127674834459 -0.271882958906528 -0.157893856772901
3.21875 0.257532401942004 -0.277404945814603 -0.160333608496399
3.25 0.252032350906193 -0.282826336064367 -0.162693471864354
3.28125 0.246626958840924 -0.288146813517161 -0.164973220100276
3.3125 0.241315607360038 -0.293366128699154 -0.167172674619538
3.34375 0.236097626525261 -0.298484096303554 -0.169291703505375
3.375 0.230972298603746 -0.303500592762087 -0.17133022001893
3.40625 0.225938861643201 -0.308415553884092 -0.173288181142712
3.4375 0.220996512872273 -0.3132289725616 -0.175165586156833
3.46875 0.216144411933542 -0.317940896538788 -0.176962475247406
3.5 0.211381683956229 -0.322551426244261 -0.178678928146489
3.53125 0.206707422475399 -0.327060712684627 -0.180315062802984
3.5625 0.202120692204206 -0.331468955397878 -0.181871034083894
3.59375 0.197620531665467 -0.335776400465111 -0.183347032505371
3.625 0.193205955688577 -0.339983338579172 -0.184743282992971
3.65625 0.188875957777582 -0.344090103168823 -0.18606004367057
3.6875 0.184629512355956 -0.348097068577067 -0.18729760467738
3.71875 0.18046557689344 -0.352004648292303 -0.188456287012545
3.75 0.176383093920068 -0.355813293231004 -0.189536441406755
3.78125 0.172380992932318 -0.359523490070656 -0.190538447220385
3.8125 0.168458192196101 -0.363135759631686 -0.191462711367634
3.84375 0.164613600451152 -0.366650655307199 -0.192309667266157
3.875 0.160846118521173 -0.370068761539304 -0.193079773811702
3.90625 0.157154640833913 -0.373390692340883 -0.193773514377265
3.9375 0.153538056855209 -0.376617089861664 -0.194391395836275
3.96875 0.149995252440836 -0.37974862299748 -0.194933947609352
4 0.146525111109873 -0.382785986041644 -0.195401720734172
4.03125 0.14312651524313 -0.385729897377361 -0.195795286957978
4.0625 0.139798347210043 -0.388581098210159 -0.196115237852301
4.09375 0.136539490427304 -0.391340351339313 -0.196362183949449
4.125 0.133348830352368 -0.394008439967276 -0.196536753900332
4.15625 0.130225255414821 -0.396586166546157 -0.196639593653202
4.1875 0.127167657888518 -0.399074351660286 -0.196671365652891
4.21875 0.124174934707234 -0.401473832943964 -0.196632748060144
4.25 0.121245988226494 -0.403785464033474 -0.196524433990636
4.28125 0.118379726934104 -0.406010113552488 -0.19634713077329
4.3125 0.11557506611184 -0.408148664130002 -0.196101559227498
4.34375 0.112830928450601 -0.410202011449956 -0.195788452958876
4.375 0.110146244621297 -0.412171063331731 -0.19540855767317
4.40625 0.107519953803578 -0.414056738840695 -0.194962630507952
4.4375 0.104951004174482 -0.415859967428045 -0.194451439381738
4.46875 0.102438353358965 -0.417581688099152 -0.19387576236019
4.5 0.0999809688441808 -0.419222848609676 -0.19323638703903
4.53125 0.0975778283593331 -0.420784404688724 -0.19253410994335
4.5625 0.0952279202228174 -0.422267319288319 -0.19176973594296
4.59375 0.0929302436583043 -0.423672561858507 -0.190944077683462
4.625 0.0906838090813519 -0.425001107647399 -0.190057955032714
4.65625 0.0884876383580577 -0.426253937025504 -0.189112194542375
4.6875 0.0863407650372013 -0.427432034833688 -0.188107628924214
4.71875 0.0842422345572631 -0.428536389754134 -0.18704509654087
4.75 0.082191104429646 -0.429567993703681 -0.185925440910786
4.78125 0.0801864443993678 -0.430527841248943 -0.184749510226982
4.8125 0.0782273365844375 -0.431416929042611 -0.183518156889419
4.84375 0.0763128755950755 -0.432236255280366 -0.182232237050641
4.875 0.0744421686338846 -0.432986819177844 -0.180892610174416
4.90625 0.0726143355780333 -0.433669620467098 -0.179500138607125
4.9375 0.0708285090444609 -0.434285658912023 -0.178055687161596
4.96875 0.0690838344390739 -0.434835933842233 -0.176560122713142
5 0.0673794699908547 -0.435321443704854 -0.175014313807537
5.03125 0.0657145867717662 -0.435743185633765 -0.173419130280669
5.0625 0.0640883687032932 -0.436102155035777 -0.171775442889622
5.09375 0.0625000125504239 -0.43639934519329 -0.170084122954947
5.125 0.060948727903839 -0.436635746882959 -0.168346042013872
5.15625 0.0594337371510385 -0.436812348009919 -0.166562071484214
5.1875 0.0579542754371053 -0.436930133257129 -0.164733082338773
5.21875 0.0565095906157688 -0.436990083749398 -0.162859944789956
5.25 0.0550989431914045 -0.436993176731689 -0.160943527984434
5.28125 0.0537216062525716 -0.436940385261273 -0.158984699707586
5.3125 0.0523768653976662 -0.436832677913348 -0.156984326097539
5.34375 0.0510640186532363 -0.436671018499725 -0.154943271368565
5.375 0.0497823763854824 -0.436456365800207 -0.15286239754365
5.40625 0.0485312612054386 -0.436189673306282 -0.150742564196022
5.4375 0.0473100078683079 -0.435871888976782 -0.14858462819943
5.46875 0.0461179631674008 -0.435503955005136 -0.146389443486991
5.5 0.0449544858231047 -0.435086807597898 -0.144157860818403
5.53125 0.0438189463672905 -0.434621376764186 -0.141890727555338
5.5625 0.0427107270235411 -0.434108586115733 -0.139588887444825
5.59375 0.04162922158357 -0.433549352677211 -0.137253180410447
5.625 0.040573835280177 -0.432944586706525 -0.134884442351169
5.65625 0.0395439846570703 -0.432295191524775 -0.132483504947626
5.6875 0.0385390974358698 -0.43160206335559 -0.130051195475684
5.71875 0.0375586123805867 -0.430866091173538 -0.127588336627131
5.75 0.0366019791598612 -0.430088156561347 -0.12509574633731
5.78125 0.0356686582072249 -0.429269133575647 -0.122574237619537
5.8125 0.0347581205796393 -0.428409888620982 -0.120024618406153
5.84375 0.0338698478145491 -0.427511280331811 -0.11744769139604
5.875 0.0330033317856748 -0.426574159462272 -0.114844253908466
5.90625 0.0321580745577591 -0.425599368783436 -0.112215097743086
5.9375 0.0313335882404666 -0.424587742987831 -0.109561009045969
5.96875 0.0305293948416261 -0.423540108600986 -0.1068827681815
6 0.0297450261199963 -0.422457283899778 -0.104181149610017
6.03125 0.0289800234377208 -0.421340078837356 -0.101456921771038
6.0625 0.0282339376126323 -0.420189294974419 -0.0987108469719508
6.09375 0.0275063287705541 -0.419005725416653 -0.0959436812820274
6.125 0.0267967661977403 -0.417790154758098 -0.0931561744316253
6.15625 0.0261048281935838 -0.416543359030275 -0.0903490697164622
6.1875 0.0254301019237171 -0.415266105656844 -0.0875231039068241
6.21875 0.0247721832736207 -0.413959153413636 -0.0846790071615894
6.25 0.0241306767028464 -0.41262325239385 -0.0818175029469489
6.28125 0.0235051950999568 -0.411259143978251 -0.0789393079596995
6.3125 0.0228953596382745 -0.409867560810178 -0.0760451320549971
6.34375 0.0223007996325292 -0.408449226775215 -0.0731356781784561
6.375 0.0217211523964828 -0.407004856985333 -0.0702116423024805
6.40625 0.0211560631016094 -0.405535157767362 -0.0672737133667184
6.4375 0.0206051846368988 -0.404040826655625 -0.064322573222536
6.46875 0.0200681774698493 -0.402522552388584 -0.0613588965813984
6.5 0.0195447095087084 -0.400981014909352 -0.0583833509670616
6.53125 0.0190344559660166 -0.399416885369927 -0.0553965966714714
6.5625 0.0185370992235041 -0.397830826138994 -0.0523992867142696
6.59375 0.0180523286983877 -0.396223490813182 -0.0493920668058111
6.625 0.0175798407111076 -0.394595524231627 -0.0463755753135988
6.65625 0.0171193383545435 -0.392947562493704 -0.0433504432320416
6.6875 0.0166705313647437 -0.39128023297983 -0.0403172941554424
6.71875 0.0162331359931977 -0.389594154375187 -0.0372767442541324
6.75 0.0158068748806809 -0.387889936696263 -0.0342294022536582
6.78125 0.0153914769326928 -0.386168181320086 -0.0311758694169397
6.8125 0.014986677196514 -0.384429481016054 -0.0281167395293146
6.84375 0.0145922167398963 -0.382674419980226 -0.0250525988863869
6.875 0.014207842531405 -0.380903573872001 -0.0219840262845963
6.90625 0.0138333073224244 -0.379117509853046 -0.0189115930144371
6.9375 0.0134683695308387 -0.37731678662841 -0.0158358628562416
6.96875 0.0131127931263961 -0.375501954489694 -0.0127573920784553
7 0.0127663475177632 -0.373673555360204 -0.0096767294383341
7.03125 0.0124288074412741 -0.37183212284199 -0.00659441618498403
7.0625 0.0120999528513764 -0.369978182264678 -0.00351098606467768
7.09375 0.0117795688127754 -0.36811225073601 -0.000426965328378719
7.125 0.0114674453942757 -0.366234837194014 0.00265712725859885
7.15625 0.011163377564318 -0.364346442460718 0.0057407804048563
7.1875 0.0108671650882064 -0.362447559297325 0.00882349027917035
7.21875 0.0105786124270221 -0.360538672460786 0.0119047604948088
7.25 0.010297528638217 -0.358620258761679 0.0149841020919651
7.28125 0.0100237272778781 -0.356692787123337 0.018061033518372
7.3125 0.00975702630465616 -0.354756718642149 0.0211350806081537
7.34375 0.0094972479853469 -0.352812506648965 0.0242057765589764
7.375 0.00924421880211475 -0.350860596771542 0.0272726619075502
7.40625 0.00899776936134758 -0.348901426997969 0.0303352845035411
7.4375 0.00875773430412959 -0.346935427741004 0.0333931994819501
7.46875 0.00852395221831913 -0.34496302190327 0.0364459692340029
7.5 0.0082962655522175 -0.342984624943246 0.0394931633766151
7.53125 0.00807452052981399 -0.341000644942003 0.0425343587204737
7.5625 0.00785856706759193 -0.339011482670626 0.0455691392367885
7.59375 0.00764825869287997 -0.337017531658272 0.0485970960227627
7.625 0.00744345246373208 -0.335019178260815 0.0516178272658289
7.65625 0.00724400889031975 -0.333016801730024 0.0546309382066962
7.6875 0.00704979185781894 -0.331010774283231 0.057636041101256
7.71875 0.00686066855077437 -0.329001461173439 0.0606327551813904
7.75 0.00667650937892316 -0.326989220759838 0.0636207066147223
7.78125 0.00649718790445963 -0.324974404578658 0.0665995284633557
7.8125 0.00632258077072288 -0.322957357414358 0.069568860641646
7.84375 0.00615256763228826 -0.32093841737107 0.0725283498730349
7.875 0.00598703108644405 -0.31891791594429 0.0754776496459972
7.90625 0.00582585660603421 -0.316896178092761 0.0784164201691359
7.9375 0.00566893247364793 -0.314873522310526 0.0813443283254561
7.96875 0.00551614971713681 -0.312850260699093 0.0842610476258666
8 0.00536740204644019 -0.310826699039711 0.087166258161935
8.03125 0.00522258579169917 -0.308803136865699 0.0900596465579359
8.0625 0.00508159984263987 -0.306779867534802 0.0929409059222249
8.09375 0.00494434558920638 -0.304757178301553 0.0958097357979724
8.125 0.0048107268634239 -0.302735350389608 0.0986658421132901
8.15625 0.0046806498824725 -0.300714659064017 0.101508937130778
8.1875 0.00455402319295217 -0.298695373703418 0.104338739396533
8.21875 0.00443075761631962 -0.296677757872117 0.107154973688631
8.25 0.00431076619547751 -0.294662069392045 0.109957370965137
8.28125 0.00419396414249696 -0.292648560414537 0.112745668311645
8.3125 0.00408026878745395 -0.290637477491957 0.115519608888398
8.34375 0.00396959952836076 -0.288629061649093 0.118278941877
8.375 0.0038618777821734 -0.286623548454355 0.121023422426759
8.40625 0.00375702693685619 -0.284621168090704 0.123752811600674
8.4375 0.00365497230448493 -0.282622145426339 0.126466876321098
8.46875 0.00355564107536997 -0.280626700085088 0.12916538931511
8.5 0.00345896227318095 -0.278635046516508 0.1318481290596
8.53125 0.00336486671105493 -0.276647394065663 0.134514879726108
8.5625 0.00327328694866992 -0.274663947042571 0.137165431125431
8.59375 0.00318415725026588 -0.272684904791304 0.139799578652025
8.625 0.00309741354359562 -0.270710461758723 0.142417123228216
8.65625 0.00301299337978802 -0.268740807562835 0.145017871248251
8.6875 0.00293083589410641 -0.266776127060763 0.1476016345222
8.71875 0.00285088176758486 -0.264816600416305 0.150168230219736
8.75 0.00277307318952565 -0.262862403167087 0.152717480813806
8.78125 0.00269735382084116 -0.260913706291277 0.155249214024219
8.8125 0.00262366875822378 -0.258970676273869 0.157763262761159
8.84375 0.00255196449912751 -0.257033475172514 0.160259465068657
8.875 0.00248218890754529 -0.255102260682893 0.162737664068017
8.90625 0.00241429118056622 -0.253177186203621 0.165197707901232
8.9375 0.00234822181569706 -0.251258400900675 0.167639449674399
8.96875 0.00228393257893268 -0.249346049771333 0.170062747401147
9 0.00222137647356023 -0.247440273707624 0.172467463946091
9.03125 0.00216050770968225 -0.245541209559273 0.174853466968344
9.0625 0.0021012816744438 -0.243648990196143 0.177220628865072
9.09375 0.00204365490294933 -0.241763744570156 0.179568826715132
9.125 0.00198758504985496 -0.2398855977767 0.181897942222796
9.15625 0.00193303086162209 -0.238014671115508 0.184207861661574
9.1875 0.00187995214941862 -0.236151082151003 0.186498475818149
9.21875 0.00182830976265416 -0.234294944772111 0.188769679936439
9.25 0.0017780655631358 -0.232446369251532 0.19102137366179
9.28125 0.00172918239983151 -0.230605462304466 0.193253460985331
9.3125 0.00168162408422795 -0.228772327146793 0.195465850188474
9.34375 0.00163535536627028 -0.226947063552694 0.197658453787596
9.375 0.0015903419108713 -0.225129767911733 0.199831188478891
9.40625 0.00154655027497773 -0.223320533285361 0.201983975083427
9.4375 0.00150394788518166 -0.221519449462877 0.204116738492394
9.46875 0.00146250301586509 -0.219726603016822 0.206229407612565
9.5 0.00142218476786631 -0.217942077357804 0.20832191531198
9.53125 0.00138296304765634 -0.216165952788765 0.210394198365851
9.5625 0.00134480854701446 -0.21439830655868 0.212446197402718
9.59375 0.00130769272319182 -0.212639212915682 0.214477856850832
9.625 0.00127158777955218 -0.210888743159632 0.216489124884808
9.65625 0.00123646664667938 -0.209146965694105 0.218479953372529
9.6875 0.00120230296394105 -0.207413946077818 0.22045029782232
9.71875 0.00116907106149837 -0.205689747075484 0.222400117330402
9.75 0.00113674594275194 -0.203974428708103 0.224329374528618
9.78125 0.00110530326721386 -0.202268048302671 0.226238035532461
9.8125 0.00107471933379653 -0.200570660541339 0.228126069889384
9.84375 0.00104497106450863 -0.198882317509993 0.22999345052742
9.875 0.00101603598854912 -0.197203068746267 0.231840153704103
9.90625 0.000987892226790155 -0.195532961287003 0.233666158955704
9.9375 0.000960518476640075 -0.193872039715132 0.235471449046785
9.96875 0.000933893997277736 -0.192220346206004 0.23725600992007
10 0.000907998595249697 -0.190577920573155 0.239019830646652
10.03125 0.000882812610421884 -0.188944800313511 0.240762903376522
10.0625 0.000858316902277563 -0.187321020652038 0.242485223289446
10.09375 0.000834492836553615 -0.185706614585842 0.244186788546166
10.125 0.000811322272207259 -0.184101612927709 0.245867600239967
10.15625 0.00078878754870554 -0.1825060443491 0.247527662348568
10.1875 0.000766871473630065 -0.180919935422595 0.249166981686385
10.21875 0.000745557310589612 -0.179343310663794 0.250785567857139
10.25 0.000724828767433405 -0.17777619257268 0.252383433206821
10.28125 0.000704669984757996 -0.176218601674433 0.253960592777027
10.3125 0.000685065524700845 -0.174670556559714 0.255517064258646
10.34375 0.000666000360013834 -0.173132073924416 0.257052867945924
10.375 0.000647459863410094 -0.171603168608882 0.258568026690891
10.40625 0.000629429797177682 -0.170083853636599 0.260062565858163
10.4375 0.000611896303053756 -0.168574140252362 0.26153651328012
10.46875 0.000594845892353068 -0.167074037959925 0.26298989921245
10.5 0.00057826543634469 -0.165583554559132 0.264422756290085
10.53125 0.000562142156871067 -0.16410269618253 0.265835119483502
10.5625 0.000546463617203568 -0.162631467331485 0.267227026055416
10.59375 0.000531217713128892 -0.161169870911772 0.268598515517846
10.625 0.000516392664260751 -0.159717908268684 0.269949629589578
10.65625 0.000501977005571426 -0.158275579221627 0.271280412153993
10.6875 0.000487959579137883 -0.156842882098226 0.272590909217302
10.71875 0.000474329526097261 -0.155419813767937 0.27388116886715
10.75 0.000461076278806667 -0.154006369675181 0.275151241231621
10.78125 0.000448189553202312 -0.15260254387198 0.276401178438622
10.8125 0.000435659341353158 -0.151208329050127 0.277631034575659
10.84375 0.000423475904204322 -0.149823716572876 0.278840865650002
10.875 0.000411629764505628 -0.148448696506158 0.280030729549242
10.90625 0.000400111699920763 -0.147083257649336 0.281200686002229
10.9375 0.000388912736312637 -0.145727387565494 0.282350796540411
10.96875 0.000378024141200615 -0.144381072611268 0.283481124459556
11 0.000367437417385405 -0.143044297966223 0.284591734781862
11.03125 0.000357144296737477 -0.14171704766178 0.285682694218463
11.0625 0.000347136734144991 -0.140399304609697 0.286754071132317
11.09375 0.000337406901617291 -0.139091050630108 0.287805935501486
11.125 0.000327947182540124 -0.137792266479125 0.288838358882806
11.15625 0.000318750166078833 -0.13650293187601 0.289851414375944
11.1875 0.000309808641725849 -0.135223025529912 0.290845176587835
11.21875 0.000301115593988916 -0.133952525166185 0.291819721597518
11.25 0.000292664197216521 -0.132691407552286 0.292775126921345
11.28125 0.000284447810557157 -0.13143964852325 0.293711471478584
11.3125 0.000276459973049036 -0.130197223006767 0.294628835557399
11.34375 0.000268694398837034 -0.128964105047835 0.295527300781219
11.375 0.000261144972513665 -0.127740267833028 0.296406950075483
11.40625 0.000253805744580987 -0.126525683714352 0.297267867634767
11.4375 0.000246670927030411 -0.125320324232711 0.298110138890294
11.46875 0.000239734889037447 -0.124124160140989 0.298933850477816
11.5 0.000232992152768506 -0.122937161426736 0.299739090205875
11.53125 0.000226437389296935 -0.121759297334483 0.300525947024445
11.5625 0.000220065414625527 -0.120590536387673 0.301294510993936
11.59375 0.000213871185812834 -0.119430846410224 0.30204487325458
11.625 0.000207849797200645 -0.11828019454772 0.302777125996184
11.65625 0.000201996476740081 -0.117138547288242 0.303491362428254
11.6875 0.000196306582413812 -0.116005870482835 0.304187676750483
11.71875 0.000190775598751941 -0.114882129365624 0.304866164123607
11.75 0.000185399133439205 -0.113767288573576 0.305526920640628
11.78125 0.000180172914011149 -0.112661312165912 0.306170043298391
11.8125 0.000175092784637019 -0.111564163643187 0.306795629969529
11.84375 0.000170154702987174 -0.110475805966013 0.307403779374767
11.875 0.000165354737182839 -0.109396201573471 0.307994591055573
11.90625 0.000160689062826118 -0.108325312401168 0.308568165347175
11.9375 0.000156153960108214 -0.107263099898988 0.309124603351924
11.96875 0.000151745810993838 -0.106209525048508 0.30966400691301
12 0.000147461096479877 -0.105164548380102 0.310186478588526
12.03125 0.000143296393926402 -0.104128129989727 0.310692121625877
12.0625 0.000139248374458172 -0.103100229555405 0.311181039936538
12.09375 0.000135313800434806 -0.102080806353391 0.311653338071146
12.125 0.000131489522987878 -0.101069819274044 0.312109121194943
12.15625 0.000127772479623193 -0.100067226837402 0.312548495063547
12.1875 0.000124159691886575 -0.0990729872084528 0.312971565999064
12.21875 0.000120648263091526 -0.0980870582121282 0.313378440866531
12.25 0.000117235376107161 -0.0971093973479998 0.313769227050693
12.28125 0.000113918291204852 -0.0961399618046993 0.314144032433106
12.3125 0.000110694343962075 -0.0951787084740569 0.314502965369567
12.34375 0.000107560943221971 -0.094225593964966 0.314846134667869
12.375 0.000104515569107174 -0.0932805746169755 0.315173649565877
12.40625 0.000101555771086505 -0.0923436065136158 0.315485619709928
12.4375 9.86791660931619E-05 -0.0914146454954598 0.315782155133537
12.46875 9.58834366930492E-05 -0.0904936471729244 0.316063366236431
12.5 9.31663293019668E-05 -0.0895805669388152 0.316329363763887
12.53125 9.05256524503675E-05 -0.0886753599806185 0.316580258786381
12.5625 8.79592750944527E-05 -0.0877779812925433 0.316816162679548
12.59375 8.54651249723939E-05 -0.0868883856873184 0.317037187104443
12.625 8.30411870045037E-05 -0.0860065278077462 0.317243443988104
12.65625 8.06855017362072E-05 -0.0851323621380186 0.317435045504424
12.6875 7.8396163822694E-05 -0.084265843014797 0.317612104055305
12.71875 7.61713205541618E-05 -0.0834069246380602 0.317774732252123
12.75 7.40091704205853E-05 -0.0825555610817244 0.317923042897474
12.78125 7.19079617149776E-05 -0.0817117063040373 0.31805714896722
12.8125 6.98659911741311E-05 -0.0808753141577505 0.318177163592811
12.84375 6.78816026558563E-05 -0.080046338400074 0.318283200043901
12.875 6.59531858517575E-05 -0.0792247327024139 0.31837537171125
12.90625 6.40791750346114E-05 -0.0784104506598999 0.318453792089892
12.9375 6.22580478394385E-05 -0.0776034458007022 0.318518574762591
12.96875 6.04883240773787E-05 -0.0768036715951436 0.318569833383577
13 5.87685645815074E-05 -0.0760110814646091 0.318607681662538
13.03125 5.70973700837482E-05 -0.0752256287902553 0.318632233348897
13.0625 5.54733801220629E-05 -0.0744472669215239 0.318643602216354
13.09375 5.3895271977117E-05 -0.073675949184462 0.318641902047685
13.125 5.23617596376435E-05 -0.0729116288898511 0.318627246619812
13.15625 5.08715927937434E-05 -0.0721542593411501 0.318599749689129
13.1875 4.9423555857385E-05 -0.0714037938422527 0.318559524977088
13.21875 4.80164670093807E-05 -0.0706601857050633 0.318506686156039
13.25 4.66491772721385E-05 -0.069923388256895 0.31844134683532
13.28125 4.53205696075057E-05 -0.0691933548476911 0.318363620547599
13.3125 4.40295580390378E-05 -0.068470038857074 0.318273620735468
13.34375 4.27750867980427E-05 -0.0677533937012232 0.318171460738271
13.375 4.15561294927704E-05 -0.0670433728395868 0.31805725377919
13.40625 4.03716883001298E-05 -0.0663399297814272 0.317931112952552
13.4375 3.92207931793342E-05 -0.0656430180922056 0.317793151211393
13.46875 3.81025011068919E-05 -0.0649525913998066 0.317643481355243
13.5 3.70158953323703E-05 -0.0642686034006062 0.31748221601815
13.53125 3.5960084654383E-05 -0.0635910078653852 0.317309467656934
13.5625 3.49342027162565E-05 -0.0629197586450915 0.317125348539666
13.59375 3.39374073208534E-05 -0.0622548096764533 0.316929970734374
13.625 3.29688797640384E-05 -0.061596114987445 0.316723446097975
13.65625 3.20278241862899E-05 -0.0609436287026098 0.31650588626542
13.6875 3.11134669419703E-05 -0.0602973050482402 0.316277402639065
13.71875 3.02250559857833E-05 -0.059657098357419 0.316038106378253
13.75 2.93618602759565E-05 -0.0590229630749243 0.31578810838911
13.78125 2.85231691937022E-05 -0.0583948537619989 0.315527519314551
13.8125 2.77082919785183E-05 -0.0577727251009877 0.315256449524502
13.84375 2.69165571789057E-05 -0.0571565318998463 0.314975009106313
13.875 2.61473121180865E-05 -0.0565462290965202 0.314683307855391
13.90625 2.53999223743212E-05 -0.0559417717631999 0.314381455266025
13.9375 2.46737712754312E-05 -0.0553431151104521 0.314069560522413
13.96875 2.39682594071457E-05 -0.0547502144912304 0.313747732489882
14 2.32828041348999E-05 -0.0541630254047666 0.313416079706312
14.03125 2.26168391387218E-05 -0.0535815035003451 0.313074710373743
14.0625 2.19698139608564E-05 -0.0530056045809639 0.312723732350171
14.09375 2.13411935657824E-05 -0.0524352846068811 0.312363253141545
14.125 2.07304579122877E-05 -0.0518704996990524 0.311993379893933
14.15625 2.01371015372778E-05 -0.0513112061424592 0.311614219385879
14.1875 1.95606331510006E-05 -0.0507573603893304 0.311225878020945
14.21875 1.90005752433789E-05 -0.0502089190622598 0.310828461820422
14.25 1.84564637011503E-05 -0.0496658389572203 0.310422076416227
14.28125 1.79278474355218E-05 -0.0491280770464777 0.310006827043968
14.3125 1.74142880200551E-05 -0.0485955904814058 0.309582818536182
14.34375 1.69153593385051E-05 -0.0480683365952037 0.309150155315748
14.375 1.64306472423418E-05 -0.0475462729055188 0.30870894138946
14.40625 1.5959749217694E-05 -0.0470293571169756 0.308259280341776
14.4375 1.55022740614576E-05 -0.0465175471236135 0.307801275328718
14.46875 1.50578415663216E-05 -0.0460108010112344 0.307335029071944
14.5 1.46260822144688E-05 -0.0455090770596618 0.306860643852976
14.53125 1.42066368797147E-05 -0.0450123337449142 0.306378221507583
14.5625 1.37991565378578E-05 -0.0445205297412932 0.305887863420323
14.59375 1.34033019850149E-05 -0.0440336239233885 0.305389670519236
14.625 1.30187435637268E-05 -0.0435515753680017 0.304883743270689
14.65625 1.26451608966213E-05 -0.0430743433559896 0.30437018167437
14.6875 1.22822426274282E-05 -0.04260188737403 0.303849085258431
14.71875 1.19296861691467E-05 -0.0421341671163103 0.303320553074769
14.75 1.15871974591691E-05 -0.0416711424861405 0.302784683694465
14.78125 1.12544907211713E-05 -0.0412127735974933 0.302241575203346
14.8125 1.09312882335872E-05 -0.0407590207764716 0.301691325197701
14.84375 1.06173201044845E-05 -0.0403098445627052 0.301134030780127
14.875 1.03123240526693E-05 -0.039865205710678 0.300569788555514
14.90625 1.0016045194849E-05 -0.0394250651909882 0.29999869462716
14.9375 9.72823583868622E-06 -0.0389893841915406 0.299420844593021
14.96875 9.44865528158581E-06 -0.0385581241186756 0.298836333542089
15 9.17706961505477E-06 -0.0381312465982328 0.298245256050903
15.03125 8.91325153448498E-06 -0.0377087134765532 0.297647706180173
15.0625 8.65698015420914E-06 -0.0372904868214202 0.297043777471548
15.09375 8.40804082768583E-06 -0.0368765289229405 0.296433562944488
15.125 8.16622497267312E-06 -0.036466802294367 0.295817155093269
15.15625 7.93132990125382E-06 -0.0360612696728639 0.295194645884101
15.1875 7.70315865457962E-06 -0.0356598940202164 0.294566126752367
15.21875 7.48151984220434E-06 -0.0352626385234854 0.293931688599973
15.25 7.26622748588054E-06 -0.0348694665956084 0.293291421792818
15.28125 7.05710086769686E-06 -0.0344803418759483 0.292645416158368
15.3125 6.85396438243678E-06 -0.0340952282307911 0.29199376098335
15.34375 6.65664739404297E-06 -0.0337140897537931 0.291336545011545
15.375 6.46498409607418E-06 -0.0333368907663794 0.290673856441698
15.40625 6.27881337604495E-06 -0.032963595818095 0.290005782925523
15.4375 6.09797868354131E-06 -0.032594169686908 0.289332411565819
15.46875 5.92232790200848E-06 -0.0322285773794685 0.28865382891469
15.5 5.75171322410953E-06 -0.031866784131322 0.287970120971853
15.53125 5.58599103055659E-06 -0.0315087554070791 0.287281373183064
15.5625 5.42502177231892E-06 -0.0311544569005437 0.286587670438622
15.59375 5.26866985611473E-06 -0.030803854534798 0.285889097071985
15.625 5.11680353309629E-06 -0.0304569144622489 0.285185736858469
15.65625 4.96929479064003E-06 -0.0301136030646329 0.284477673014045
15.6875 4.82601924715616E-06 -0.0297738869529836 0.283764988194228
15.71875 4.68685604983432E-06 -0.0294377329675612 0.283047764493053
15.75 4.55168777524412E-06 -0.0291051081777449 0.282326083442139
15.78125 4.42040033271186E-06 -0.0287759798818896 0.281600026009843
15.8125 4.29288287039652E-06 -0.0284503156071481 0.280869672600498
15.84375 4.16902768399046E-06 -0.0281280831092583 0.280135103053733
15.875 4.04873012797229E-06 -0.0278092503722977 0.279396396643878
15.90625 3.93188852934116E-06 -0.0274937856084059 0.27865363207945
15.9375 3.81840410376389E-06 -0.0271816572574742 0.277906887502715
15.96875 3.7081808740681E-06 -0.0268728339868062 0.277156240489337
16 3.60112559101629E-06 -0.0265672846907469 0.276401768048091
16.03125 3.49714765629785E-06 -0.0262649784902835 0.275643546620665
16.0625 3.39615904767726E-06 -0.0259658847326179 0.274881652081527
16.09375 3.29807424623893E-06 -0.025669972990711 0.274116159737868
16.125 3.20281016567039E-06 -0.0253772130628004 0.27334714432962
16.15625 3.11028608352729E-06 -0.0250875749718924 0.272574680029537
16.1875 3.02042357442528E-06 -0.0248010289652275 0.271798840443354
16.21875 2.93314644510512E-06 -0.0245175455137228 0.271019698610004
16.25 2.84838067131918E-06 -0.0242370953113887 0.270237327001912
16.28125 2.76605433648852E-06 -0.0239596492747234 0.269451797525346
16.3125 2.68609757208151E-06 -0.0236851785420843 0.268663181520834
16.34375 2.60844249966606E-06 -0.0234136544730377 0.267871549763651
16.375 2.53302317458886E-06 -0.0231450486476868 0.267076972464355
16.40625 2.45977553123646E-06 -0.0228793328659791 0.266279519269397
16.4375 2.38863732983414E-06 -0.022616479146994 0.265479259261778
16.46875 2.31954810473966E-06 -0.0223564597282105 0.264676260961775
16.5 2.25244911419051E-06 -0.0220992470647562 0.263870592327716
16.53125 2.1872832914638E-06 -0.0218448138286381 0.263062320756816
16.5625 2.12399519740985E-06 -0.0215931329079559 0.262251513086067
16.59375 2.06253097432078E-06 -0.0213441774060973 0.261438235593176
16.625 2.00283830109725E-06 -0.0210979206409177 0.260622553997569
16.65625 1.94486634967685E-06 -0.0208543361439034 0.259804533461429
16.6875 1.88856574268908E-06 -0.0206133976593194 0.258984238590799
16.71875 1.83388851230271E-06 -0.0203750791433421 0.258161733436731
16.75 1.78078806023218E-06 -0.0201393547631775 0.257337081496474
16.78125 1.72921911887065E-06 -0.0199061988961658 0.256510345714726
16.8125 1.67913771351828E-06 -0.0196755861288723 0.255681588484916
16.84375 1.63050112567517E-06 -0.0194474912561651 0.254850871650543
16.875 1.58326785736912E-06 -0.0192218892802805 0.254018256506556
16.90625 1.53739759648926E-06 -0.0189987554098769 0.253183803800774
16.9375 1.49285118309764E-06 -0.0187780650590759 0.252347573735351
16.96875 1.44959057669107E-06 -0.0185597938464936 0.251509625968287
17 1.40757882438696E-06 -0.0183439175942601 0.250670019614971
17.03125 1.36678003000705E-06 -0.0181304123270297 0.24982881324977
17.0625 1.32715932403407E-06 -0.0179192542709804 0.248986064907654
17.09375 1.28868283441674E-06 -0.0177104198528045 0.248141832085863
17.125 1.25131765819946E-06 -0.0175038856986903 0.247296171745603
17.15625 1.21503183395347E-06 -0.0172996286332946 0.246449140313784
17.1875 1.17979431498715E-06 -0.0170976256787074 0.245600793684795
17.21875 1.14557494331349E-06 -0.0168978540534089 0.244751187222308
17.25 1.11234442435357E-06 -0.0167002911712183 0.243900375761118
17.28125 1.08007430235538E-06 -0.0165049146402364 0.243048413609017
17.3125 1.04873693650789E-06 -0.0163117022617806 0.242195354548695
17.34375 1.01830547773092E-06 -0.0161206320293144 0.241341251839681
17.375 9.88753846121732E-07 -0.0159316821273695 0.240486158220305
17.40625 9.60056709040041E-07 -0.015744830930464 0.239630125909693
17.4375 9.32189459813366E-07 -0.0155600570020133 0.238773206609793
17.46875 9.05128197045399E-07 -0.0153773390932371 0.237915451507427
17.5 8.78849704510394E-07 -0.0151966561420615 0.237056911276369
17.53125 8.53331431617119E-07 -0.0150179872720161 0.23619763607945
17.5625 8.28551474426351E-07 -0.0148413117911275 0.23533767557069
17.59375 8.04488557206347E-07 -0.0146666091908087 0.234477078897453
17.625 7.81122014511151E-07 -0.0144938591447447 0.23361589470263
17.65625 7.58431773767032E-07 -0.0143230415077753 0.232754171126841
17.6875 7.3639833835275E-07 -0.0141541363147743 0.231891955810661
17.71875 7.15002771159738E-07 -0.0139871237795265 0.231029295896869
17.75 6.94226678618693E-07 -0.0138219842936015 0.230166238032721
17.78125 6.74052195179438E-07 -0.0136586984252261 0.229302828372236
17.8125 6.5446196823128E-07 -0.0134972469181539 0.228439112578514
17.84375 6.35439143451454E-07 -0.0133376106905337 0.22757513582606
17.875 6.16967350569578E-07 -0.013179770833776 0.226710942803137
17.90625 5.99030689536403E-07 -0.0130237086114188 0.225846577714135
17.9375 5.81613717085442E-07 -0.0128694054579914 0.224982084281951
17.96875 5.64701433676404E-07 -0.0127168429778782 0.224117505750398
18 5.48279270809655E-07 -0.0125660029441816 0.22325288488662
18.03125 5.32333078701234E-07 -0.0124168672975844 0.222388263983527
18.0625 5.16849114308258E-07 -0.0122694181452122 0.221523684862243
18.09375 5.01814029694799E-07 -0.0121236377594953 0.220659188874576
18.125 4.87214860728645E-07 -0.0119795085770318 0.219794816905489
18.15625 4.73039016099567E-07 -0.0118370131974497 0.218930609375598
18.1875 4.59274266650045E-07 -0.0116961343822712 0.218066606243672
18.21875 4.45908735009581E-07 -0.0115568550537759 0.217202847009155
18.25 4.3293088552405E-07 -0.0114191582938668 0.216339370714692
18.28125 4.20329514471733E-07 -0.0112830273429358 0.21547621594867
18.3125 4.08093740557919E-07 -0.0111484455987318 0.21461342084777
18.34375 3.96212995680213E-07 -0.0110153966152292 0.213751023099528
18.375 3.84677015956866E-07 -0.0108838641014986 0.212889059944907
18.40625 3.73475833010712E-07 -0.0107538319205789 0.212027568180878
18.4375 3.62599765501451E-07 -0.0106252840883516 0.21116658416301
18.46875 3.52039410899262E-07 -0.010498204772417 0.210306143808064
18.5 3.41785637492912E-07 -0.0103725782909727 0.209446282596607
18.53125 3.31829576625701E-07 -0.0102483891116941 0.208587035575619
18.5625 3.22162615152815E-07 -0.0101256218506176 0.207728437361115
18.59375 3.12776388113792E-07 -0.0100042612710266 0.206870522140772
18.625 3.03662771614014E-07 -0.00988429228233994 0.206013323676563
18.65625 2.9481387590929E-07 -0.00976569993900319 0.205156875307395
18.6875 2.86222038687787E-07 -0.00964846943938293 0.204301209951753
18.71875 2.77879818543696E-07 -0.00953258612466429 0.203446360110348
18.75 2.69779988637202E-07 -0.00941803547775148 0.202592357868773
18.78125 2.61915530535466E-07 -0.0093048031221717 0.201739234900156
18.8125 2.54279628229497E-07 -0.00919287482098249 0.200887022467825
18.84375 2.46865662321896E-07 -0.00908223647568257 0.200035751427971
18.875 2.39667204380649E-07 -0.00897287412512629 0.199185452232312
18.90625 2.32678011454229E-07 -0.00886477394444181 0.198336154930767
18.9375 2.25892020743444E-07 -0.0087579222439531 0.197487889174125
18.96875 2.19303344425565E-07 -0.0086523054681058 0.196640684216719
19 2.12906264626416E-07 -0.00854791019439712 0.195794568919099
19.03125 2.06695228536217E-07 -0.00844472313230976 0.19494957175071
19.0625 2.00664843665091E-07 -0.00834273112225004 0.194105720792568
19.09375 1.94809873234274E-07 -0.00824192113449023 0.193263043739938
19.125 1.89125231699153E-07 -0.00814228026811519 0.192421567905005
19.15625 1.83605980400402E-07 -0.00804379574997342 0.191581320219559
19.1875 1.78247323339554E-07 -0.00794645493363254 0.190742327237664
19.21875 1.73044603075481E-07 -0.00785024529833935 0.189904615138338
19.25 1.67993296738333E-07 -0.0077551544479844 0.189068209728221
19.28125 1.63089012157597E-07 -0.00766117011007129 0.188233136444255
19.3125 1.58327484101029E-07 -0.00756828013469066 0.187399420356345
19.34375 1.53704570621292E-07 -0.00747647249349896 0.186567086170037
19.375 1.49216249507245E-07 -0.00738573527870206 0.185736158229174
19.40625 1.44858614836895E-07 -0.00729605670204375 0.184906660518569
19.4375 1.40627873629112E-07 -0.00720742509379916 0.184078616666657
19.46875 1.36520342591305E-07 -0.00711982890177324 0.183252049948157
19.5 1.32532444960308E-07 -0.00703325669030419 0.182426983286721
19.53125 1.28660707433831E-07 -0.00694769713927203 0.18160343925759
19.5625 1.24901757189893E-07 -0.0068631390431123 0.180781440090234
19.59375 1.21252318991713E-07 -0.00677957130983495 0.179961007670996
19.625 1.17709212375649E-07 -0.00669698296004837 0.179142163545727
19.65625 1.14269348919785E-07 -0.00661536312598876 0.178324928922422
19.6875 1.10929729590888E-07 -0.00653470105055472 0.177509324673844
19.71875 1.07687442167488E-07 -0.00645498608634722 0.176695371340146
19.75 1.0453965873691E-07 -0.00637620769471486 0.17588308913149
19.78125 1.01483633264149E-07 -0.00629835544480458 0.175072497930656
19.8125 9.85166992305274E-08 -0.00622141901261773 0.174263617295649
19.84375 9.56362673401611E-08 -0.00614538818007164 0.173456466462296
19.875 9.28398232922737E-08 -0.00607025283406657 0.17265106434684
19.90625 9.01249256174961E-08 -0.00599600296555828 0.171847429548527
19.9375 8.74892035763147E-08 -0.00592262866863597 0.171045580352184
19.96875 8.4930355117893E-08 -0.00585012013960585 0.170245534730794
20 8.24461448975423E-08 -0.00577846767608028 0.169447310348063
20.03125 8.00344023511646E-08 -0.00570766167607239 0.168650924560973
20.0625 7.76930198250369E-08 -0.00563769263709638 0.16785639442234
20.09375 7.54199507593568E-08 -0.00556855115527338 0.167063736683354
20.125 7.32132079240101E-08 -0.00550022792444293 0.166272967796116
20.15625 7.10708617050659E-08 -0.00543271373528015 0.165484103916167
20.1875 6.89910384405497E-08 -0.00536599947441843 0.164697160905008
20.21875 6.69719188040827E-08 -0.00530007612357791 0.163912154332608
20.25 6.50117362350173E-08 -0.00523493475869956 0.163129099479915
20.28125 6.31087754137387E-08 -0.00517056654908488 0.162348011341344
20.3125 6.12613707808389E-08 -0.00510696275654138 0.161568904627269
20.34375 5.94679050989061E-08 -0.00504411473453367 0.160791793766494
20.375 5.77268080557102E-08 -0.00498201392734025 0.160016692908731
20.40625 5.60365549075977E-08 -0.00492065186921599 0.15924361592705
20.4375 5.4395665161944E-08 -0.00486002018356032 0.158472576420335
20.46875 5.28027012975445E-08 -0.00480011058209107 0.157703587715723
20.5 5.12562675218564E-08 -0.00474091486402404 0.156936662871039
20.53125 4.97550085640361E-08 -0.00468242491525823 0.156171814677213
20.5625 4.82976085027437E-08 -0.00462463270756678 0.155409055660694
20.59375 4.68827896277211E-08 -0.0045675302977936 0.154648398085856
20.625 4.55093113341716E-08 -0.00451110982705563 0.153889853957385
20.65625 4.41759690490028E-08 -0.00445536351995085 0.153133435022668
20.6875 4.28815931880176E-08 -0.0044002836837719 0.152379152774159
20.71875 4.1625048143165E-08 -0.00434586270772538 0.151627018451745
20.75 4.04052312989897E-08 -0.00429209306215681 0.150877043045099
20.78125 3.92210720774401E-08 -0.00423896729778129 0.150129237296017
20.8125 3.80715310102234E-08 -0.00418647804491965 0.149383611700754
20.84375 3.69555988379145E-08 -0.00413461801274041 0.148640176512342
20.875 3.58722956350519E-08 -0.00408337998850723 0.147898941742899
20.90625 3.48206699604746E-08 -0.00403275683683203 0.147159917165929
20.9375 3.37997980321736E-08 -0.00398274149893364 0.14642311231861
20.96875 3.28087829259549E-08 -0.00393332699190216 0.145688536504072
21 3.184675379723E-08 -0.00388450640796872 0.144956198793662
21.03125 3.09128651252683E-08 -0.00383627291378092 0.144226108029198
21.0625 3.00062959792669E-08 -0.00378861974968377 0.143498272825218
21.09375 2.91262493056107E-08 -0.00374154022900616 0.142772701571204
21.125 2.8271951235712E-08 -0.00369502773735282 0.142049402433814
21.15625 2.74426504138406E-08 -0.00364907573190177 0.141328383359082
21.1875 2.66376173443672E-08 -0.00360367774070731 0.140609652074626
21.21875 2.58561437578629E-08 -0.0035588273620084 0.139893216091827
21.25 2.50975419955122E-08 -0.00351451826354249 0.139179082708011
21.28125 2.43611444113128E-08 -0.0034707441818648 0.13846725900861
21.3125 2.36463027915501E-08 -0.00342749892167298 0.137757751869316
21.34375 2.29523877910494E-08 -0.00338477635513716 0.137050567958221
21.375 2.22787883857235E-08 -0.00334257042123539 0.136345713737947
21.40625 2.16249113409452E-08 -0.00330087512509437 0.135643195467764
21.4375 2.09901806952912E-08 -0.00325968453733552 0.134943019205693
21.46875 2.03740372592128E-08 -0.00321899279342642 0.134245190810605
21.5 1.9775938128205E-08 -0.00317879409303742 0.133549715944298
21.53125 1.91953562100553E-08 -0.00313908269940359 0.13285660007357
21.5625 1.86317797657682E-08 -0.00309985293869185 0.132165848472276
21.59375 1.8084711963769E-08 -0.0030610991993734 0.131477466223375
21.625 1.75536704470074E-08 -0.00302281593160119 0.130791458220966
21.65625 1.70381869125858E-08 -0.00298499764659273 0.130107829172306
21.6875 1.65378067035544E-08 -0.00294763891601794 0.129426583599825
21.71875 1.60520884125206E-08 -0.0029107343713921 0.12874772584312
21.75 1.55806034967318E-08 -0.00287427870347399 0.128071260060945
21.78125 1.5122935904303E-08 -0.00283826666166902 0.127397190233183
21.8125 1.46786817112649E-08 -0.00280269305343742 0.126725520162809
21.84375 1.42474487691228E-08 -0.00276755274370748 0.126056253477837
21.875 1.38288563626224E-08 -0.00273284065429378 0.125389393633262
21.90625 1.34225348774268E-08 -0.00269855176332034 0.124724943912984
21.9375 1.30281254774211E-08 -0.00266468110464878 0.124062907431719
21.96875 1.26452797913648E-08 -0.00263122376731136 0.123403287136902
22 1.22736596086233E-08 -0.00259817489494891 0.122746085810579
22.03125 1.19129365837158E-08 -0.00256552968525366 0.122091306071278
22.0625 1.15627919494261E-08 -0.00253328338941686 0.12143895037588
22.09375 1.12229162382274E-08 -0.00250143131158126 0.120789021021465
22.125 1.08930090117831E-08 -0.0024699688082983 0.120141520147158
22.15625 1.05727785982887E-08 -0.0024388912879902 0.119496449735954
22.1875 1.02619418374292E-08 -0.00240819421041661 0.118853811616534
22.21875 9.96022383273218E-09 -0.00237787308614605 0.118213607465073
22.25 9.66735771110163E-09 -0.00234792347603209 0.117575838807023
22.28125 9.38308438932699E-09 -0.002318340990694 0.116940507018902
22.3125 9.10715234736434E-09 -0.00228912129000223 0.116307613330055
22.34375 8.83931740819455E-09 -0.0022602600825683 0.115677158824412
22.375 8.57934252406845E-09 -0.00223175312523939 0.115049144442229
22.40625 8.32699756895409E-09 -0.00220359622259739 0.114423570981821
22.4375 8.08205913700702E-09 -0.00217578522646246 0.11380043910128
22.46875 7.84431034688927E-09 -0.00214831603540113 0.11317974932018
22.5 7.61354065176809E-09 -0.00212118459423877 0.112561502021273
22.53125 7.38954565482994E-09 -0.00209438689357657 0.111945697452173
22.5625 7.17212693015051E-09 -0.00206791896931281 0.111332335727025
22.59375 6.96109184876554E-09 -0.00204177690216863 0.11072141682816
22.625 6.75625340979217E-09 -0.00201595681721799 0.11011294060775
22.65625 6.55743007645463E-09 -0.00199045488342208 0.109506906789432
22.6875 6.36444561687231E-09 -0.0019652673131679 0.10890331496994
22.71875 6.17712894947243E-09 -0.00194039036181114 0.108302164620706
22.75 5.99531399289344E-09 -0.00191582032722332 0.107703455089469
22.78125 5.8188395202491E-09 -0.00189155354934303 0.107107185601852
22.8125 5.64754901762711E-09 -0.00186758640973145 0.106513355262944
22.84375 5.48129054669954E-09 -0.00184391533113191 0.105921963058858
22.875 5.31991661132609E-09 -0.00182053677703359 0.105333007858284
22.90625 5.16328402803448E-09 -0.00179744725123937 0.10474648841403
22.9375 5.01125380026567E-09 -0.0017746432974376 0.104162403364548
22.96875 4.86369099627496E-09 -0.00175212149877802 0.103580751235447
23 4.72046463058287E-09 -0.00172987847745156 0.103001530441002
23.03125 4.58144754887304E-09 -0.00170791089427424 0.102424739285645
23.0625 4.44651631623734E-09 -0.00168621544827487 0.101850375965444
23.09375 4.31555110867099E-09 -0.00166478887628675 0.101278438569573
23.125 4.1884356077237E-09 -0.00164362795254321 0.100708925081771
23.15625 4.06505689821516E-09 -0.00162272948827703 0.100141833381787
23.1875 3.94530536892617E-09 -0.00160209033132365 0.0995771612468138
23.21875 3.82907461617905E-09 -0.00158170736572819 0.0990149063529128
23.25 3.71626135022358E-09 -0.00156157751135626 0.0984550662764248
23.28125 3.60676530434716E-09 -0.00154169772350847 0.0978976384953705
23.3125 3.50048914663003E-09 -0.00152206499253867 0.0973426203908396
23.34375 3.39733839426898E-09 -0.00150267634347589 0.0967900092483679
23.375 3.29722133039493E-09 -0.00148352883564987 0.0962398022593046
23.40625 3.20004892331212E-09 -0.00146461956232033 0.0956919965221668
23.4375 3.10573474808847E-09 -0.00144594565030971 0.0951465890439834
23.46875 3.01419491042911E-09 -0.00142750425963955 0.0946035767416285
23.5 2.92534797276666E-09 -0.00140929258317044 0.0940629564431427
23.53125 2.83911488250389E-09 -0.00139130784624543 0.0935247248890435
23.5625 2.75541890234642E-09 -0.00137354730633691 0.0929888787336257
23.59375 2.67418554266466E-09 -0.00135600825269706 0.0924554145462494
23.625 2.59534249582609E-09 -0.00133868800601158 0.0919243288126177
23.65625 2.51881957244073E-09 -0.00132158391805698 0.0913956179360439
23.6875 2.44454863946415E-09 -0.00130469337136112 0.0908692782387072
23.71875 2.37246356010409E-09 -0.00128801377886718 0.0903453059628979
23.75 2.30250013547837E-09 -0.00127154258360094 0.089823697272252
23.78125 2.2345960479731E-09 -0.0012552772583413 0.0893044482529746
23.8125 2.16869080625186E-09 -0.00123921530529419 0.088787554915053
23.84375 2.10472569186791E-09 -0.00122335425576957 0.0882730131934594
23.875 2.0426437074327E-09 -0.00120769166986182 0.0877608189493427
23.90625 1.98238952629565E-09 -0.00119222513613314 0.0872509679712093
23.9375 1.92390944369109E-09 -0.00117695227130027 0.0867434559760947
23.96875 1.86715132930985E-09 -0.00116187071992426 0.0862382786107235
24 1.81206458125397E-09 -0.00114697815410337 0.0857354314526596
24.03125 1.75860008133439E-09 -0.00113227227316907 0.085234910011446
24.0625 1.70671015167258E-09 -0.0011177508033851 0.0847367097297338
24.09375 1.65634851256808E-09 -0.00110341149764952 0.0842408259844025
24.125 1.60747024159529E-09 -0.00108925213519988 0.0837472540876677
24.15625 1.56003173389363E-09 -0.00107527052132122 0.083255989288181
24.1875 1.51399066361637E-09 -0.00106146448705716 0.0827670267721187
24.21875 1.46930594650453E-09 -0.00104783188892383 0.0822803616642602
24.25 1.42593770355297E-09 -0.00103437060862681 0.0817959890290572
24.28125 1.38384722573695E-09 -0.00102107855278082 0.0813139038716927
24.3125 1.34299693976837E-09 -0.00100795365263241 0.08083410113913
24.34375 1.30335037485158E-09 -0.000994993863785332 0.0803565757211514
24.375 1.26487213040978E-09 -0.000982197165928891 0.0798813224513888
24.40625 1.22752784475369E-09 -0.000969561562568924 0.0794083361083422
24.4375 1.19128416466513E-09 -0.000957085080761638 0.0789376114163906
24.46875 1.15610871586878E-09 -0.00094476577085014 0.0784691430467926
24.5 1.12197007436632E-09 -0.000932601706203698 0.0780029256186765
24.53125 1.08883773860782E-09 -0.000920590982959675 0.0775389537000221
24.5625 1.056682102476E-09 -0.000908731719768142 0.0770772218086334
24.59375 1.02547442905969E-09 -0.000897022057539117 0.0766177244130999
24.625 9.95186825193442E-10 -0.000885460159192432 0.0761604559337504
24.65625 9.65792216741106E-10 -0.000874044209410188 0.0757054107435976
24.6875 9.37264324601531E-10 -0.000862772414391782 0.0752525831692714
24.71875 9.09577641415477E-10 -0.000851643001611478 0.0748019674919454
24.75 8.82707408953246E-10 -0.000840654219578512 0.0743535579482529
24.78125 8.56629596163205E-10 -0.000829804337599685 0.0739073487311943
24.8125 8.31320877861939E-10 -0.000819091645544446 0.0734633339910349
24.84375 8.06758614047334E-10 -0.000808514453612425 0.0730215078361954
24.875 7.82920829816429E-10 -0.000798071092103403 0.0725818643341305
24.90625 7.59786195870401E-10 -0.000787759911189694 0.0721443975122016
24.9375 7.37334009589572E-10 -0.000777579280690915 0.0717091013585396
24.96875 7.15544176661812E-10 -0.000767527589851127 0.0712759698228978
25 6.94397193248201E-10 -0.000757603247118316 0.0708449968174979
25.03125 6.73874128670278E-10 -0.000747804679926206 0.0704161762178668
25.0625 6.53956608603669E-10 -0.00073813033447837 0.0699895018636637
25.09375 6.34626798763322E-10 -0.000728578675534626 0.0695649675595001
25.125 6.15867389065999E-10 -0.000719148186199687 0.0691425670757509
25.15625 5.97661578256115E-10 -0.000709837367714061 0.0687222941493565
25.1875 5.79993058981392E-10 -0.000700644739247158 0.068304142484617
25.21875 5.62846003305216E-10 -0.000691568837692605 0.0678881057539785
25.25 5.46205048642927E-10 -0.000682608217465728 0.0674741775988101
25.28125 5.30055284109711E-10 -0.000673761450303202 0.0670623516301731
25.3125 5.14382237268029E-10 -0.000665027125064825 0.0666526214295831
25.34375 4.99171861262969E-10 -0.000656403847537421 0.0662449805497621
25.375 4.84410522334162E-10 -0.000647890240240824 0.0658394225153835
25.40625 4.70084987693281E-10 -0.000639484942235956 0.0654359408238102
25.4375 4.56182413756452E-10 -0.000631186608934946 0.0650345289458223
25.46875 4.42690334721203E-10 -0.000622993911913292 0.064635180326339
25.5 4.29596651477901E-10 -0.000614905538724044 0.064237888385132
25.53125 4.16889620845898E-10 -0.000606920192713978 0.0638426465175306
25.5625 4.04557845124904E-10 -0.000599036592841755 0.0634494480951196
25.59375 3.92590261952387E-10 -0.000591253473498033 0.06305828646643
25.625 3.8097613445805E-10 -0.000583569584327531 0.0626691549576208
25.65625 3.69705041706703E-10 -0.000575983690053 0.0622820468731538
25.6875 3.58766869421124E-10 -0.000568494570301113 0.0618969554964622
25.71875 3.48151800976699E-10 -0.00056110101943023 0.061513874090609
25.75 3.3785030865992E-10 -0.000553801846360033 0.0611327958989406
25.78125 3.27853145183022E-10 -0.000546595874403013 0.0607537141457318
25.8125 3.18151335447273E-10 -0.000539481941097779 0.0603766220368231
25.84375 3.08736168547643E-10 -0.000532458898044189 0.0600015127602518
25.875 2.99599190011811E-10 -0.000525525610740272 0.0596283794868756
25.90625 2.90732194266643E-10 -0.000518680958420928 0.0592572153709883
25.9375 2.82127217325493E-10 -0.000511923833898384 0.0588880135509292
25.96875 2.73776529689888E-10 -0.000505253143404402 0.0585207671496855
26 2.65672629459293E-10 -0.000498667806434201 0.058155469275487
26.03125 2.57808235642909E-10 -0.000492166755592097 0.0577921130223942
26.0625 2.50176281667569E-10 -0.000485748936438827 0.0574306914708803
26.09375 2.42769909076002E-10 -0.000479413307340554 0.0570711976884049
26.125 2.35582461409905E-10 -0.000473158839319524 0.0567136247299819
26.15625 2.28607478272405E-10 -0.000466984515906371 0.0563579656387407
26.1875 2.21838689564671E-10 -0.000460889332994038 0.0560042134464801
26.21875 2.15270009891574E-10 -0.00045487229869332 0.0556523611742158
26.25 2.08895533131455E-10 -0.000448932433189983 0.0553024018327222
26.28125 2.0270952716519E-10 -0.000443068768603477 0.0549543284230659
26.3125 1.967064287599E-10 -0.000437280348847196 0.0546081339371342
26.34375 1.90880838602775E-10 -0.000431566229490293 0.0542638113581571
26.375 1.85227516480611E-10 -0.000425925477621017 0.0539213536612216
26.40625 1.79741376600808E-10 -0.00042035717171157 0.0535807538137811
26.4375 1.74417483049679E-10 -0.00041486040148446 0.0532420047761584
26.46875 1.69251045384051E-10 -0.000409434267780338 0.052905099502041
26.5 1.64237414352257E-10 -0.000404077882427306 0.0525700309389722
26.53125 1.59372077740724E-10 -0.00039879036811167 0.0522367920288348
26.5625 1.54650656342496E-10 -0.000393570858250149 0.0519053757083292
26.59375 1.50068900044092E-10 -0.000388418496863488 0.0515757749094449
26.625 1.45622684027267E-10 -0.000383332438451494 0.0512479825599273
26.65625 1.4130800508228E-10 -0.000378311847869466 0.0509219915837367
26.6875 1.37120978029421E-10 -0.000373355900205999 0.050597794901503
26.71875 1.33057832245624E-10 -0.000368463780662163 0.0502753854309742
26.75 1.29114908293077E-10 -0.000363634684432028 0.0499547560874583
26.78125 1.25288654646847E-10 -0.000358867816584532 0.0496358997842601
26.8125 1.21575624518626E-10 -0.000354162391946676 0.049318809433113
26.84375 1.17972472773765E-10 -0.00034951763498802 0.0490034779446034
26.875 1.14475952938873E-10 -0.00034493277970649 0.048689898228591
26.90625 1.1108291429733E-10 -0.000340407069515461 0.0483780631946232
26.9375 1.07790299070121E-10 -0.000335939757132113 0.0480679657523432
26.96875 1.0459513967951E-10 -0.000331530104467044 0.0477595988118939
27 1.0149455609311E-10 -0.000327177382515131 0.0474529552843156
27.03125 9.84857532460003E-11 -0.000322880871247619 0.0471480280819379
27.0625 9.55660185385969E-11 -0.00031863985950543 0.0468448101187676
27.09375 9.27327194080638E-11 -0.000314453644893679 0.0465432943108705
27.125 8.99833009710971E-11 -0.000310321533677382 0.0462434735767473
27.15625 8.73152837359976E-11 -0.000306242840678348 0.0459453408377057
27.1875 8.47262613819963E-11 -0.000302216889173236 0.0456488890182268
27.21875 8.22138986038597E-11 -0.000298243010792771 0.0453541110463258
27.25 7.9775929019862E-11 -0.000294320545422103 0.0450609998539082
27.28125 7.74101531412638E-11 -0.000290448841102297 0.0447695483771215
27.3125 7.51144364014935E-11 -0.000286627253932947 0.0444797495567009
27.34375 7.28867072432795E-11 -0.000282855147975896 0.0441915963383103
27.375 7.07249552620333E-11 -0.000279131895160051 0.0439050816728794
27.40625 6.86272294038322E-11 -0.000275456875187284 0.0436201985169347
27.4375 6.65916362163999E-11 -0.000271829475439413 0.0433369398329261
27.46875 6.46163381515297E-11 -0.000268249090886232 0.0430552985895497
27.5 6.26995519174395E-11 -0.000264715123994605 0.042775267762064
27.53125 6.08395468795951E-11 -0.000261226984638592 0.0424968403326033
27.5625 5.90346435085758E-11 -0.000257784090010606 0.0422200092904856
27.59375 5.72832118736052E-11 -0.000254385864533587 0.0419447676325155
27.625 5.55836701804033E-11 -0.000251031739774185 0.0416711083632838
27.65625 5.39344833520604E-11 -0.000247721154356933 0.0413990244954615
27.6875 5.23341616516695E-11 -0.000244453553879414 0.0411285090500894
27.71875 5.07812593454894E-11 -0.000241228390828398 0.0408595550568644
27.75 4.92743734054511E-11 -0.00023804512449694 0.0405921555544201
27.78125 4.78121422498494E-11 -0.000234903220902437 0.0403263035906036
27.8125 4.63932445210996E-11 -0.000231802152705631 0.0400619922227483
27.84375 4.50163978994699E-11 -0.000228741399130536 0.0397992145179418
27.875 4.3680357951734E-11 -0.000225720445885298 0.0395379635532905
27.90625 4.23839170137161E-11 -0.000222738785083963 0.0392782324161787
27.9375 4.11259031057346E-11 -0.000219795915169152 0.0390200142045252
27.96875 3.99051788799765E-11 -0.000216891340835626 0.0387633020270342
28 3.87206405988651E-11 -0.000214024572954737 0.0385080890034434
28.03125 3.75712171435098E-11 -0.000211195128499757 0.0382543682647674
28.0625 3.64558690513545E-11 -0.000208402530472066 0.0380021329535374
28.09375 3.53735875821659E-11 -0.000205646307828199 0.0377513762240365
28.125 3.43233938115299E-11 -0.00020292599540774 0.0375020912425321
28.15625 3.33043377510458E-11 -0.00020024113386205 0.0372542711875033
28.1875 3.2315497494435E-11 -0.000197591269583825 0.0370079092498649
28.21875 3.13559783888024E-11 -0.000194975954637476 0.0367629986331884
28.25 3.04249122303103E-11 -0.000192394746690313 0.0365195325539176
28.28125 2.9521456483547E-11 -0.000189847208944532 0.036277504241582
28.3125 2.86447935238948E-11 -0.000187332910069998 0.0360369069390059
28.34375 2.77941299022196E-11 -0.000184851424137809 0.0357977339025139
28.375 2.69686956312263E-11 -0.000182402330554631 0.0355599784021323
28.40625 2.61677434928433E-11 -0.000179985213997809 0.0353236337217883
28.4375 2.53905483660169E-11 -0.000177599664351227 0.035088693159504
28.46875 2.4636406574316E-11 -0.000175245276641922 0.0348551500275883
28.5 2.39046352527634E-11 -0.000172921650977439 0.0346229976528242
28.53125 2.319457173333E-11 -0.000170628392483922 0.0343922293766536
28.5625 2.25055729485406E-11 -0.000168365111244922 0.0341628385553581
28.59375 2.18370148526602E-11 -0.000166131422240933 0.033934818560237
28.625 2.1188291859943E-11 -0.000163926945289628 0.0337081627777809
28.65625 2.05588162994419E-11 -0.000161751304986801 0.0334828646098434
28.6875 1.99480178858911E-11 -0.000159604130648006 0.0332589174738089
28.71875 1.93553432061901E-11 -0.00015748505625087 0.0330363148027566
28.75 1.87802552210278E-11 -0.0001553937203781 0.0328150500456223
28.78125 1.8222232781203E-11 -0.000153329766161148 0.0325951166673567
28.8125 1.7680770158208E-11 -0.000151292841224544 0.0323765081490801
28.84375 1.71553765886555E-11 -0.00014928259763089 0.0321592179882346
28.875 1.66455758321413E-11 -0.000147298691826489 0.0319432396987331
28.90625 1.61509057421478E-11 -0.000145340784587634 0.0317285668111053
28.9375 1.5670917849603E-11 -0.000143408540967513 0.0315151928726402
28.96875 1.52051769587248E-11 -0.000141501630243753 0.0313031114475266
29 1.47532607547862E-11 -0.000139619725866578 0.0310923161169898
29.03125 1.4314759423452E-11 -0.000137762505407586 0.0308828004794255
29.0625 1.38892752813467E-11 -0.000135929650509125 0.0306745581505318
29.09375 1.34764224175209E-11 -0.000134120846834272 0.030467582763437
29.125 1.30758263454972E-11 -0.000132335784017409 0.0302618679688252
29.15625 1.26871236655829E-11 -0.000130574155615372 0.0300574074350596
29.1875 1.2309961737148E-11 -0.0001288356590592 0.0298541948483022
29.21875 1.19439983605734E-11 -0.000127119995606432 0.0296522239126313
29.25 1.15889014685865E-11 -0.000125426870293994 0.0294514883501562
29.28125 1.12443488267061E-11 -0.00012375599189163 0.0292519819011291
29.3125 1.09100277425289E-11 -0.000122107072855893 0.0290536983240548
29.34375 1.05856347835967E-11 -0.000120479829284683 0.0288566313957973
29.375 1.02708755035925E-11 -0.000118873980872326 0.0286607749116839
29.40625 9.96546417661806E-12 -0.000117289250865187 0.0284661226856071
29.4375 9.66912353931762E-12 -0.000115725366017813 0.028272668550124
29.46875 9.3815845406136E-12 -0.000114182056549602 0.0280804063565525
29.5 9.10258609883214E-12 -0.000112659056101982 0.0278893299750656
29.53125 8.83187486599958E-12 -0.000111156101696108 0.0276994332947837
29.5625 8.56920499909893E-12 -0.00010967293369106 0.0275107102238637
29.59375 8.31433793808101E-12 -0.000108209295742545 0.0273231546895858
29.625 8.0670421904312E-12 -0.000106764934762088 0.0271367606384386
29.65625 7.82709312209856E-12 -0.000105339600876715 0.0269515220362012
29.6875 7.59427275459976E-12 -0.000103933047389119 0.0267674328680233
29.71875 7.36836956811571E-12 -0.000102545030738297 0.0265844871385034
29.75 7.14917831040421E-12 -0.000101175310460669 0.0264026788717637
29.78125 6.93649981135721E-12 -9.98236491516574E-05 0.026222002111524
29.8125 6.73014080303611E-12 -9.84898124277232E-05 0.0260424509211725
29.84375 6.52991374502364E-12 -9.71735688888685E-05 0.0258640193838353
29.875 6.3356366549355E-12 -9.58746900815811E-05 0.0256867016024426
29.90625 6.14713294393957E-12 -9.4592950462228E-05 0.025510491699794
29.9375 5.964231257135E-12 -9.33281273608883E-05 0.0253353838186209
29.96875 5.78676531864784E-12 -9.20800009456219E-05 0.0251613721216472
30 5.61457378130411E-12 -9.08483541871675E-05 0.0249884507916479
30.03125 5.44750008074514E-12 -8.96329728240664E-05 0.0248166140315055
30.0625 5.28539229385439E-12 -8.84336453282069E-05 0.0246458560642647
30.09375 5.12810300136822E-12 -8.72501628707838E-05 0.0244761711331852
30.125 4.97548915454744E-12 -8.60823192886684E-05 0.0243075535017918
30.15625 4.82741194578968E-12 -8.49299110511852E-05 0.0241399974539236
30.1875 4.6837366830663E-12 -8.37927372272891E-05 0.0239734972937809
30.21875 4.54433266807106E-12 -8.26705994531399E-05 0.0238080473459698
30.25 4.40907307797091E-12 -8.15633019000683E-05 0.0236436419555458
30.28125 4.27783485065267E-12 -8.04706512429296E-05 0.0234802754880546
30.3125 4.15049857336234E-12 -7.93924566288408E-05 0.0233179423295721
30.34375 4.02694837463701E-12 -7.83285296462956E-05 0.0231566368867418
30.375 3.90707181943209E-12 -7.7278684294654E-05 0.0229963535868108
30.40625 3.79075980734958E-12 -7.62427369540017E-05 0.0228370868776643
30.4375 3.67790647387579E-12 -7.5220506355375E-05 0.0226788312278578
30.46875 3.56840909453975E-12 -7.4211813551347E-05 0.0225215811266482
30.5 3.46216799190596E-12 -7.32164818869705E-05 0.0223653310840227
30.53125 3.35908644531792E-12 -7.22343369710748E-05 0.0222100756307264
30.5625 3.2590706033111E-12 -7.12652066479101E-05 0.0220558093182886
30.59375 3.16202939861664E-12 -7.03089209691376E-05 0.0219025267190462
30.625 3.06787446567915E-12 -6.93653121661596E-05 0.0217502224261674
30.65625 2.97652006061446E-12 -6.8434214622787E-05 0.0215988910536721
30.6875 2.88788298353525E-12 -6.75154648482392E-05 0.0214485272364517
30.71875 2.80188250317455E-12 -6.66089014504726E-05 0.0212991256302874
30.75 2.71844028373932E-12 -6.57143651098352E-05 0.0211506809118665
30.78125 2.63748031392821E-12 -6.48316985530413E-05 0.0210031877787974
30.8125 2.55892883804956E-12 -6.39607465274641E-05 0.0208566409496235
30.84375 2.48271428917759E-12 -6.31013557757427E-05 0.0207110351638351
30.875 2.40876722428659E-12 -6.22533750106982E-05 0.0205663651818805
30.90625 2.3370202613047E-12 -6.14166548905565E-05 0.0204226257851749
30.9375 2.26740801803043E-12 -6.05910479944747E-05 0.0202798117761085
30.96875 2.19986705285706E-12 -5.97764087983656E-05 0.0201379179780533
31 2.13433580725139E-12 -5.89725936510188E-05 0.019996939235368
31.03125 2.07075454993497E-12 -5.81794607505139E-05 0.0198568704134022
31.0625 2.00906532271766E-12 -5.73968701209224E-05 0.0197177063984988
31.09375 1.94921188793445E-12 -5.66246835892948E-05 0.0195794420979952
31.125 1.89113967743835E-12 -5.58627647629306E-05 0.0194420724402237
31.15625 1.8347957431033E-12 -5.51109790069258E-05 0.0193055923745099
31.1875 1.78012870879244E-12 -5.43691934219971E-05 0.0191699968711701
31.21875 1.72708872374838E-12 -5.36372768225774E-05 0.0190352809215083
31.25 1.67562741736363E-12 -5.29150997151807E-05 0.0189014395378104
31.28125 1.6256978552901E-12 -5.22025342770323E-05 0.0187684677533386
31.3125 1.57725449684836E-12 -5.14994543349625E-05 0.0186363606223242
31.34375 1.53025315369802E-12 -5.0805735344559E-05 0.0185051132199588
31.375 1.48465094973206E-12 -5.0121254369576E-05 0.018374720642385
31.40625 1.44040628215893E-12 -4.94458900615969E-05 0.0182451780066857
31.4375 1.39747878373716E-12 -4.87795226399473E-05 0.0181164804508722
31.46875 1.35582928612858E-12 -4.81220338718551E-05 0.0179886231338713
31.5 1.31541978433694E-12 -4.74733070528557E-05 0.0178616012355115
31.53125 1.27621340219987E-12 -4.68332269874382E-05 0.0177354099565079
31.5625 1.23817435890307E-12 -4.62016799699306E-05 0.0176100445184462
31.59375 1.20126793648641E-12 -4.55785537656209E-05 0.0174855001637653
31.625 1.16546044831265E-12 -4.4963737592111E-05 0.0173617721557398
31.65625 1.13071920847032E-12 -4.43571221009011E-05 0.0172388557784603
31.6875 1.09701250208308E-12 -4.37585993592015E-05 0.0171167463368138
31.71875 1.06430955649881E-12 -4.31680628319692E-05 0.0169954391564625
31.75 1.03258051333232E-12 -4.25854073641668E-05 0.0168749295838216
31.78125 1.00179640133644E-12 -4.20105291632409E-05 0.0167552129860368
31.8125 9.71929110077145E-13 -4.14433257818166E-05 0.0166362847509602
31.84375 9.42951364388585E-13 -4.08836961006078E-05 0.0165181402871254
31.875 9.14836699585314E-13 -4.03315403115372E-05 0.0164007750237225
31.90625 8.87559437409048E-13 -3.97867599010674E-05 0.0162841844105708
31.9375 8.6109466268834E-13 -3.92492576337371E-05 0.0161683639180919
31.96875 8.35418200690034E-13 -3.87189375359027E-05 0.0160533090372815
32 8.10506595142027E-13 -3.81957048796805E-05 0.0159390152796799
32.03125 7.86337086907484E-13 -3.76794661670891E-05 0.0158254781773428
32.0625 7.628875932912E-13 -3.71701291143884E-05 0.0157126932828099
32.09375 7.40136687959421E-13 -3.66676026366127E-05 0.015600656169074
32.125 7.18063581454949E-13 -3.61717968322971E-05 0.0154893624295483
32.15625 6.96648102289915E-13 -3.56826229683924E-05 0.0153788076780336
32.1875 6.75870678599115E-13 -3.51999934653688E-05 0.0152689875486844
32.21875 6.55712320337319E-13 -3.47238218825042E-05 0.0151598976959745
32.25 6.36154602004439E-13 -3.4254022903356E-05 0.0150515337946615
32.28125 6.17179645882937E-13 -3.37905123214136E-05 0.014943891539751
32.3125 5.98770105772288E-13 -3.33332070259301E-05 0.0148369666464598
32.34375 5.8090915120581E-13 -3.28820249879295E-05 0.0147307548501787
32.375 5.63580452135535E-13 -3.24368852463896E-05 0.0146252519064342
32.40625 5.46768164071304E-13 -3.19977078945964E-05 0.0145204535908497
32.4375 5.30456913660598E-13 -3.15644140666691E-05 0.0144163556991065
32.46875 5.14631784696076E-13 -3.11369259242533E-05 0.0143129540469034
32.5 4.99278304538136E-13 -3.07151666433799E-05 0.0142102444699162
32.53125 4.8438243094022E-13 -3.02990604014888E-05 0.0141082228237561
32.5625 4.69930539264918E-13 -2.98885323646146E-05 0.0140068849839284
32.59375 4.55909410079309E-13 -2.94835086747319E-05 0.0139062268457892
32.625 4.42306217118296E-13 -2.90839164372595E-05 0.0138062443245031
32.65625 4.29108515605036E-13 -2.8689683708721E-05 0.0137069333549988
32.6875 4.16304230917883E-13 -2.8300739484559E-05 0.0136082898919254
32.71875 4.03881647593581E-13 -2.79170136871031E-05 0.0135103099096074
32.75 3.91829398656747E-13 -2.75384371536873E-05 0.0134129894019992
32.78125 3.80136455265961E-13 -2.71649416249172E-05 0.0133163243826394
32.8125 3.68792116667102E-13 -2.67964597330839E-05 0.0132203108846044
32.84375 3.5778600044481E-13 -2.64329249907233E-05 0.0131249449604614
32.875 3.47108033063249E-13 -2.60742717793186E-05 0.0130302226822212
32.90625 3.36748440687586E-13 -2.57204353381453E-05 0.0129361401412897
32.9375 3.26697740277882E-13 -2.5371351753255E-05 0.0128426934484203
32.96875 3.169467309473E-13 -2.50269579465989E-05 0.0127498787336644
33 3.07486485576824E-13 -2.4687191665287E-05 0.0126576921463223
33.03125 2.98308342678856E-13 -2.43519914709823E-05 0.0125661298548935
33.0625 2.89403898502335E-13 -2.40212967294292E-05 0.0124751880470262
33.09375 2.80764999372207E-13 -2.36950476001123E-05 0.0123848629294668
33.125 2.72383734256307E-13 -2.33731850260465E-05 0.012295150728009
33.15625 2.64252427552903E-13 -2.30556507236947E-05 0.0122060476874418
33.1875 2.56363632092362E-13 -2.27423871730128E-05 0.012117550071498
33.21875 2.48710122346598E-13 -2.24333376076203E-05 0.0120296541628016
33.25 2.41284887840129E-13 -2.21284460050939E-05 0.0119423562628153
33.28125 2.34081126756767E-13 -2.18276570773849E-05 0.0118556526917873
33.3125 2.27092239736156E-13 -2.15309162613554E-05 0.0117695397886979
33.34375 2.203118238545E-13 -2.12381697094358E-05 0.0116840139112055
33.375 2.13733666784044E-13 -2.09493642803991E-05 0.0115990714355927
33.40625 2.07351741125998E-13 -2.06644475302515E-05 0.0115147087567114
33.4375 2.01160198911752E-13 -2.03833677032389E-05 0.0114309222879285
33.46875 1.95153366267403E-13 -2.01060737229659E-05 0.01134770846107
33.5 1.89325738236746E-13 -1.98325151836279E-05 0.011265063726366
33.53125 1.83671973758025E-13 -1.95626423413533E-05 0.0111829845523947
33.5625 1.78186890789886E-13 -1.92964061056558E-05 0.0111014674260263
33.59375 1.72865461582106E-13 -1.90337580309943E-05 0.0110205088523664
33.625 1.67702808086804E-13 -1.87746503084398E-05 0.0109401053546997
33.65625 1.62694197505966E-13 -1.85190357574476E-05 0.0108602534744323
33.6875 1.57835037971236E-13 -1.8266867817734E-05 0.0107809497710352
33.71875 1.53120874352056E-13 -1.80181005412552E-05 0.0107021908219862
33.75 1.48547384188337E-13 -1.77726885842888E-05 0.0106239732227122
33.78125 1.44110373743983E-13 -1.75305871996146E-05 0.0105462935865313
33.8125 1.39805774177654E-13 -1.72917522287952E-05 0.0104691485445944
33.84375 1.35629637827324E-13 -1.70561400945543E-05 0.0103925347458267
33.875 1.31578134605227E-13 -1.68237077932518E-05 0.0103164488568688
33.90625 1.27647548499926E-13 -1.65944128874538E-05 0.0102408875620177
33.9375 1.23834274182338E-13 -1.63682134985979E-05 0.0101658475631679
33.96875 1.20134813712609E-13 -1.61450682997507E-05 0.0100913255797515
34 1.16545773344857E-13 -1.59249365084577E-05 0.010017318348679
34.03125 1.13063860426876E-13 -1.57077778796843E-05 0.00994382262427914
34.0625 1.09685880391989E-13 -1.54935526988461E-05 0.00987083517823914
34.09375 1.06408733840299E-13 -1.52822217749278E-05 0.00979835279954428
34.125 1.032294137067E-13 -1.50737464336898E-05 0.00972637229441771
34.15625 1.00145002513063E-13 -1.48680885109615E-05 0.00965489048625973
34.1875 9.71526697021057E-14 -1.46652103460191E-05 0.0095839042155872
34.21875 9.42496690505076E-14 -1.44650747750488E-05 0.00951341033997264
34.25 9.14333361589358E-14 -1.42676451246923E-05 0.00944340573398316
34.28125 8.87010860166826E-14 -1.40728852056751E-05 0.00937388728911928
34.3125 8.60504106387075E-14 -1.38807593065154E-05 0.00930485191375374
34.34375 8.34788767729307E-14 -1.36912321873144E-05 0.00923629653306986
34.375 8.0984123675694E-14 -1.35042690736239E-05 0.00916821808900009
34.40625 7.85638609533628E-14 -1.3319835650394E-05 0.0091006135401643
34.4375 7.62158664681062E-14 -1.31378980559967E-05 0.00903347986180792
34.46875 7.39379843059488E-14 -1.29584228763266E-05 0.00896681404573998
34.5 7.17281228052453E-14 -1.27813771389762E-05 0.00890061310027118
34.53125 6.95842526437826E-14 -1.26067283074862E-05 0.00883487405015165
34.5625 6.75044049827684E-14 -1.2434444275669E-05 0.00876959393650869
34.59375 6.54866696660168E-14 -1.22644933620044E-05 0.00870476981678458
34.625 6.3529193472691E-14 -1.20968443041078E-05 0.00864039876467403
34.65625 6.16301784220122E-14 -1.19314662532681E-05 0.00857647787006172
34.6875 5.97878801283917E-14 -1.17683287690562E-05 0.00851300423895979
34.71875 5.80006062054866E-14 -1.1607401814002E-05 0.00844997499344512
34.75 5.62667147177276E-14 -1.14486557483402E-05 0.00838738727159664
34.78125 5.45846126779072E-14 -1.12920613248223E-05 0.00832523822743261
34.8125 5.29527545894603E-14 -1.1137589683596E-05 0.00826352503084775
34.84375 5.13696410321093E-14 -1.098521234715E-05 0.00820224486755037
34.875 4.98338172895848E-14 -1.08349012153228E-05 0.00814139493899949
34.90625 4.83438720181723E-14 -1.06866285603766E-05 0.0080809724623418
34.9375 4.68984359548711E-14 -1.05403670221336E-05 0.00802097467034872
34.96875 4.54961806639888E-14 -1.03960896031749E-05 0.00796139881135337
35 4.41358173210289E-14 -1.0253769664101E-05 0.00790224214918746
35.03125 4.28160955327628E-14 -1.01133809188532E-05 0.00784350196311822
35.0625 4.15358021924119E-14 -9.97489743009473E-06 0.00778517554778535
35.09375 4.02937603688949E-14 -9.83829360465148E-06 0.0077272602131378
35.125 3.90888282291292E-14 -9.70354418901132E-06 0.0076697532843707
35.15625 3.79198979924023E-14 -9.57062426488101E-06 0.00761265210186222
35.1875 3.67858949158622E-14 -9.43950924480032E-06 0.0075559540211104
35.21875 3.56857763101988E-14 -9.31017486781257E-06 0.00749965641266998
35.25 3.46185305846218E-14 -9.18259719519074E-06 0.00744375666208935
35.28125 3.3583176320262E-14 -9.05675260621862E-06 0.00738825216984731
35.3125 3.25787613711522E-14 -8.93261779402623E-06 0.00733314035129002
35.34375 3.16043619919674E-14 -8.81016976147877E-06 0.00727841863656789
35.375 3.06590819917281E-14 -8.68938581711858E-06 0.00722408447057246
35.40625 2.97420519126963E-14 -8.57024357115929E-06 0.00717013531287335
35.4375 2.88524282337131E-14 -8.45272093153155E-06 0.00711656863765528
35.46875 2.79893925972533E-14 -8.3367960999798E-06 0.00706338193365498
35.5 2.71521510594897E-14 -8.22244756820918E-06 0.00701057270409826
35.53125 2.63399333626844E-14 -8.1096541140823E-06 0.00695813846663712
35.5625 2.55519922292425E-14 -7.99839479786489E-06 0.00690607675328676
35.59375 2.47876026767841E-14 -7.88864895851993E-06 0.00685438511036282
35.625 2.4046061353609E-14 -7.78039621004962E-06 0.00680306109841854
35.65625 2.3326685893949E-14 -7.67361643788451E-06 0.00675210229218201
35.6875 2.26288142924171E-14 -7.56828979531928E-06 0.00670150628049347
35.71875 2.19518042970854E-14 -7.46439669999448E-06 0.0066512706662427
35.75 2.12950328206346E-14 -7.36191783042378E-06 0.00660139306630639
35.78125 2.06578953690402E-14 -7.26083412256604E-06 0.00655187111148565
35.8125 2.00398054872717E-14 -7.16112676644168E-06 0.00650270244644359
35.84375 1.94401942214998E-14 -7.06277720279281E-06 0.00645388472964287
35.875 1.8858509597321E-14 -6.96576711978652E-06 0.00640541563328342
35.90625 1.82942161135212E-14 -6.87007844976082E-06 0.00635729284324024
35.9375 1.77467942509182E-14 -6.77569336601264E-06 0.00630951405900117
35.96875 1.72157399958327E-14 -6.68259427962745E-06 0.00626207699360485
36 1.67005643777537E-14 -6.59076383634988E-06 0.00621497937357877
36.03125 1.62007930207756E-14 -6.50018491349483E-06 0.00616821893887725
36.0625 1.5715965708397E-14 -6.41084061689867E-06 0.00612179344281968
36.09375 1.52456359612839E-14 -6.32271427790979E-06 0.00607570065202884
36.125 1.47893706276114E-14 -6.23578945041831E-06 0.00602993834636914
36.15625 1.43467494856094E-14 -6.15004990792416E-06 0.00598450431888518
36.1875 1.391736485795E-14 -6.06547964064318E-06 0.00593939637574027
36.21875 1.35008212376226E-14 -5.98206285265086E-06 0.00589461233615504
36.25 1.30967349249563E-14 -5.89978395906294E-06 0.00585015003234628
36.28125 1.27047336754571E-14 -5.81862758325277E-06 0.00580600730946574
36.3125 1.23244563581382E-14 -5.73857855410466E-06 0.00576218202553914
36.34375 1.1955552624031E-14 -5.65962190330295E-06 0.0057186720514052
36.375 1.15976825845738E-14 -5.58174286265622E-06 0.0056754752706549
36.40625 1.12505164995843E-14 -5.50492686145629E-06 0.00563258957957074
36.4375 1.09137344745301E-14 -5.42915952387156E-06 0.00559001288706614
36.46875 1.05870261668215E-14 -5.35442666637411E-06 0.00554774311462507
36.5 1.02700905008569E-14 -5.28071429520038E-06 0.0055057781962416
36.53125 9.96263539156038E-15 -5.20800860384474E-06 0.00546411607835976
36.5625 9.66437747615959E-15 -5.13629597058574E-06 0.00542275471981343
36.59375 9.3750418539573E-15 -5.06556295604447E-06 0.00538169209176637
36.625 9.09436183385963E-15 -4.99579630077474E-06 0.00534092617765233
36.65625 8.82207868942941E-15 -4.92698292288461E-06 0.00530045497311545
36.6875 8.55794142124094E-15 -4.8591099156888E-06 0.0052602764859506
36.71875 8.3017065263185E-15 -4.79216454539183E-06 0.00522038873604394
36.75 8.05313777444784E-15 -4.72613424880114E-06 0.00518078975531366
36.78125 7.81200599115593E-15 -4.66100663107015E-06 0.00514147758765077
36.8125 7.57808884716035E-15 -4.59676946347066E-06 0.00510245028886006
36.84375 7.35117065409564E-15 -4.53341068119429E-06 0.00506370592660127
36.875 7.13104216632986E-15 -4.47091838118256E-06 0.00502524258033024
36.90625 6.91750038868965E-15 -4.40928081998534E-06 0.0049870583412404
36.9375 6.71034838991809E-15 -4.34848641164713E-06 0.00494915131220425
36.96875 6.50939512169452E-15 -4.28852372562098E-06 0.00491151960771508
37 6.31445524305061E-15 -4.22938148470959E-06 0.00487416135382876
37.03125 6.12534895002195E-15 -4.17104856303336E-06 0.00483707468810579
37.0625 5.94190181037932E-15 -4.11351398402484E-06 0.00480025775955335
37.09375 5.76394460328817E-15 -4.05676691844951E-06 0.00476370872856766
37.125 5.59131316374954E-15 -4.00079668245229E-06 0.00472742576687638
37.15625 5.42384823168011E-15 -3.94559273562963E-06 0.00469140705748122
37.1875 5.26139530549296E-15 -3.89114467912681E-06 0.00465565079460069
37.21875 5.10380450004512E-15 -3.83744225376006E-06 0.00462015518361301
37.25 4.95093040882173E-15 -3.78447533816326E-06 0.00458491844099917
37.28125 4.80263197023055E-15 -3.7322339469589E-06 0.00454993879428615
37.3125 4.65877233788452E-15 -3.68070822895286E-06 0.00451521448199037
37.34375 4.51921875475326E-15 -3.62988846535298E-06 0.00448074375356117
37.375 4.38384243106853E-15 -3.57976506801074E-06 0.00444652486932452
37.40625 4.25251842587151E-15 -3.53032857768614E-06 0.004412556100427
37.4375 4.12512553209363E-15 -3.48156966233518E-06 0.00437883572877974
37.46875 4.00154616506543E-15 -3.43347911541977E-06 0.00434536204700268
37.5 3.8816662543514E-15 -3.38604785423986E-06 0.00431213335836897
37.53125 3.76537513881174E-15 -3.33926691828735E-06 0.00427914797674946
37.5625 3.65256546479466E-15 -3.29312746762155E-06 0.00424640422655749
37.59375 3.54313308736619E-15 -3.24762078126601E-06 0.00421390044269373
37.625 3.4369769744867E-15 -3.20273825562633E-06 0.00418163497049128
37.65625 3.33399911404649E-15 -3.15847140292869E-06 0.00414960616566086
37.6875 3.23410442367514E-15 -3.1148118496789E-06 0.00411781239423629
37.71875 3.13720066324199E-15 -3.07175133514165E-06 0.00408625203252
37.75 3.04319834996746E-15 -3.02928170983973E-06 0.00405492346702881
37.78125 2.95201067606744E-15 -2.98739493407289E-06 0.00402382509443993
37.8125 2.86355342885524E-15 -2.94608307645626E-06 0.00399295532153696
37.84375 2.77774491322779E-15 -2.90533831247783E-06 0.00396231256515626
37.875 2.69450587646503E-15 -2.86515292307496E-06 0.00393189525213343
37.90625 2.61375943527357E-15 -2.82551929322959E-06 0.00390170181924986
37.9375 2.5354310050076E-15 -2.78642991058183E-06 0.00387173071317966
37.96875 2.45944823100229E-15 -2.74787736406188E-06 0.00384198039043664
38 2.3857409219565E-15 -2.70985434253986E-06 0.00381244931732145
38.03125 2.31424098530391E-15 -2.6723536334934E-06 0.00378313596986899
38.0625 2.24488236451305E-15 -2.6353681216928E-06 0.00375403883379601
38.09375 2.17760097825895E-15 -2.59889078790341E-06 0.00372515640444873
38.125 2.11233466141039E-15 -2.56291470760517E-06 0.00369648718675086
38.15625 2.04902310777871E-15 -2.52743304972893E-06 0.00366802969515165
38.1875 1.98760781457565E-15 -2.49243907540941E-06 0.00363978245357421
38.21875 1.92803202852926E-15 -2.45792613675465E-06 0.00361174399536395
38.25 1.87024069360828E-15 -2.42388767563156E-06 0.00358391286323726
38.28125 1.81418040030732E-15 -2.39031722246756E-06 0.00355628760923037
38.3125 1.75979933644596E-15 -2.35720839506794E-06 0.00352886679464831
38.34375 1.7070472394368E-15 -2.32455489744884E-06 0.00350164899001422
38.375 1.65587534997866E-15 -2.29235051868558E-06 0.00347463277501871
38.40625 1.60623636713232E-15 -2.26058913177623E-06 0.00344781673846942
38.4375 1.5580844047376E-15 -2.2292646925201E-06 0.00342119947824088
38.46875 1.51137494913178E-15 -2.19837123841107E-06 0.0033947796012244
38.5 1.46606481813057E-15 -2.16790288754545E-06 0.00336855572327827
38.53125 1.42211212123388E-15 -2.13785383754435E-06 0.00334252646917812
38.5625 1.37947622101994E-15 -2.1082183644902E-06 0.0033166904725674
38.59375 1.33811769569223E-15 -2.0789908218773E-06 0.00329104637590817
38.625 1.29799830274493E-15 -2.05016563957628E-06 0.00326559283043197
38.65625 1.2590809437134E-15 -2.02173732281219E-06 0.00324032849609096
38.6875 1.22132962997742E-15 -1.9937004511561E-06 0.00321525204150918
38.71875 1.18470944958573E-15 -1.96604967753003E-06 0.0031903621439341
38.75 1.1491865350714E-15 -1.93877972722502E-06 0.0031656574891882
38.78125 1.11472803222844E-15 -1.91188539693215E-06 0.00314113677162094
38.8125 1.08130206982101E-15 -1.88536155378644E-06 0.00311679869406076
38.84375 1.0488777301974E-15 -1.85920313442333E-06 0.00309264196776736
38.875 1.01742502078177E-15 -1.83340514404763E-06 0.00306866531238411
38.90625 9.86914846417359E-16 -1.80796265551485E-06 0.00304486745589076
38.9375 9.57318982535979E-16 -1.78287080842461E-06 0.00302124713455616
38.96875 9.28610049128877E-16 -1.75812480822609E-06 0.00299780309289138
39 9.00761485495231E-16 -1.73371992533533E-06 0.00297453408360286
39.03125 8.73747525744989E-16 -1.70965149426414E-06 0.00295143886754584
39.0625 8.47543175033545E-16 -1.68591491276067E-06 0.00292851621367793
39.09375 8.2212418650643E-16 -1.6625056409612E-06 0.00290576489901297
39.125 7.974670389328E-16 -1.63941920055333E-06 0.00288318370857489
39.15625 7.73548915007179E-16 -1.61665117395016E-06 0.002860771435352
39.1875 7.50347680299493E-16 -1.5941972034754E-06 0.0028385268802513
39.21875 7.27841862834065E-16 -1.57205299055933E-06 0.00281644885205302
39.25 7.06010633278762E-16 -1.55021429494543E-06 0.00279453616736542
39.28125 6.84833785726119E-16 -1.52867693390744E-06 0.00277278765057971
39.3125 6.64291719048729E-16 -1.50743678147694E-06 0.00275120213382517
39.34375 6.44365418811779E-16 -1.48648976768102E-06 0.00272977845692448
39.375 6.25036439726094E-16 -1.46583187779019E-06 0.00270851546734928
39.40625 6.06286888625539E-16 -1.44545915157622E-06 0.00268741202017582
39.4375 5.88099407953141E-16 -1.4253676825798E-06 0.00266646697804091
39.46875 5.70457159740721E-16 -1.40555361738798E-06 0.00264567921109799
39.5 5.53343810067323E-16 -1.38601315492119E-06 0.00262504759697344
39.53125 5.36743513982124E-16 -1.36674254572966E-06 0.00260457102072302
39.5625 5.20640900877963E-16 -1.34773809129929E-06 0.00258424837478859
39.59375 5.05021060302037E-16 -1.32899614336669E-06 0.00256407855895494
39.625 4.89869528190698E-16 -1.31051310324328E-06 0.00254406048030684
39.65625 4.75172273515696E-16 -1.29228542114845E-06 0.00252419305318631
39.6875 4.60915685329576E-16 -1.27430959555154E-06 0.00250447519915002
39.71875 4.47086560198309E-16 -1.25658217252258E-06 0.00248490584692696
39.75 4.3367209000959E-16 -1.23909974509166E-06 0.00246548393237623
39.78125 4.20659850145587E-16 -1.2218589526168E-06 0.00244620839844504
39.8125 4.08037788009254E-16 -1.20485648016029E-06 0.0024270781951269
39.84375 3.9579421189364E-16 -1.18808905787325E-06 0.00240809227942008
39.875 3.83917780183967E-16 -1.17155346038844E-06 0.00238924961528609
39.90625 3.72397490882519E-16 -1.15524650622112E-06 0.00237054917360849
39.9375 3.61222671446706E-16 -1.13916505717792E-06 0.00235198993215188
39.96875 3.50382968930952E-16 -1.12330601777349E-06 0.00233357087552098
