2 -0.123322176579545 3.29788307795868 9.13199250329447
3 -0.422389976502082 1.10740461989329 3.70154499565634
4 -0.481897860717697 0.419494983266586 1.86313752605978
5 -0.495135135750393 0.141229083905344 1.04978553150927
6 -0.49802334010686 0.0128500714287506 0.630341937159638
7 -0.498616376925696 -0.0511180301745243 0.391640086838213
8 -0.498730787451362 -0.0846081981342423 0.246232943770058
9 -0.498751758763408 -0.102719147019975 0.153179992378209
10 -0.498755453842514 -0.112702946412019 0.0913942960891783
11 -0.498756085324459 -0.118250363863628 0.0492045571055431
12 -0.498756190674356 -0.121327594079082 0.0197764604277004
13 -0.498756207910937 -0.123018451828078 -0.00107976210433412
14 -0.498756210686126 -0.123933338060429 -0.0160337453333851
15 -0.498756211126973 -0.124418880767006 -0.0268436750166807
16 -0.498756211196191 -0.124671100309789 -0.0347003947479015
17 -0.49875621120697 -0.124799271517325 -0.040429279838346
18 -0.498756211208609 -0.124863029652644 -0.0446128723115682
19 -0.498756211208873 -0.124894118487315 -0.0476680303466392
20 -0.498756211208915 -0.124909003314041 -0.0498961483368026
