0 141.448446401313
0.03125 140.693629593801
0.0625 139.942840744372
0.09375 139.196058358477
0.125 138.45326105627
0.15625 137.714427571994
0.1875 136.979536753376
0.21875 136.248567561016
0.25 135.521499067788
0.28125 134.798310458242
0.3125 134.078981028003
0.34375 133.363490183185
0.375 132.651817439795
0.40625 131.943942423152
0.4375 131.239844867299
0.46875 130.539504614427
0.5 129.842901614295
0.53125 129.150015923657
0.5625 128.46082770569
0.59375 127.775317229428
0.625 127.093464869196
0.65625 126.415251104049
0.6875 125.74065651721
0.71875 125.069661795518
0.75 124.402247728876
0.78125 123.738395209693
0.8125 123.078085232348
0.84375 122.421298892637
0.875 121.768017387238
0.90625 121.118222013166
0.9375 120.471894167245
0.96875 119.82901534557
1 119.189567142981
1.03125 118.553531252532
1.0625 117.92088946497
1.09375 117.291623668212
1.125 116.665715846829
1.15625 116.043148081527
1.1875 115.423902548635
1.21875 114.807961519597
1.25 114.195307360461
1.28125 113.585922531376
1.3125 112.97978958609
1.34375 112.37689117145
1.375 111.777210026905
1.40625 111.180728984012
1.4375 110.587430965945
1.46875 109.997298987007
1.5 109.410316152139
1.53125 108.826465656444
1.5625 108.245730784698
1.59375 107.668094910877
1.625 107.093541497679
1.65625 106.52205409605
1.6875 105.953616344714
1.71875 105.388211969704
1.75 104.825824783898
1.78125 104.266438686552
1.8125 103.710037662841
1.84375 103.156605783403
1.875 102.606127203877
1.90625 102.058586164455
1.9375 101.513966989429
1.96875 100.972254086741
2 100.433431947538
2.03125 99.8974851457259
2.0625 99.3643983375317
2.09375 98.8341562610608
2.125 98.3067437358614
2.15625 97.7821456624898
2.1875 97.260347022078
2.21875 96.7413328759037
2.25 96.225088364963
2.28125 95.7115987095442
2.3125 95.2008492088054
2.34375 94.6928252403535
2.375 94.1875122598252
2.40625 93.6848958004708
2.4375 93.1849614727405
2.46875 92.6876949638716
2.5 92.1930820374791
2.53125 91.7011085331487
2.5625 91.2117603660302
2.59375 90.7250235264353
2.625 90.2408840794362
2.65625 89.7593281644664
2.6875 89.2803419949242
2.71875 88.8039118577778
2.75 88.3300241131728
2.78125 87.8586651940416
2.8125 87.3898216057153
2.84375 86.9234799255369
2.875 86.4596268024774
2.90625 85.9982489567533
2.9375 85.5393331794465
2.96875 85.0828663321262
3 84.6288353464728
3.03125 84.1772272239036
3.0625 83.7280290352008
3.09375 83.2812279201411
3.125 82.836811087128
3.15625 82.3947658128249
3.1875 81.9550794417917
3.21875 81.5177393861217
3.25 81.0827331250815
3.28125 80.6500482047529
3.3125 80.2196722376756
3.34375 79.7915929024933
3.375 79.3657979436005
3.40625 78.9422751707916
3.4375 78.5210124589126
3.46875 78.1019977475129
3.5 77.6852190405006
3.53125 77.2706644057992
3.5625 76.8583219750059
3.59375 76.4481799430513
3.625 76.0402265678622
3.65625 75.6344501700251
3.6875 75.2308391324515
3.71875 74.8293819000457
3.75 74.4300669793743
3.78125 74.0328829383363
3.8125 73.6378184058364
3.84375 73.2448620714593
3.875 72.854002685146
3.90625 72.4652290568716
3.9375 72.0785300563248
3.96875 71.6938946125895
4 71.311311713828
4.03125 70.9307704069652
4.0625 70.5522597973754
4.09375 70.1757690485701
4.125 69.8012873818885
4.15625 69.4288040761878
4.1875 69.0583084675374
4.21875 68.6897899489126
4.25 68.3232379698915
4.28125 67.9586420363529
4.3125 67.5959917101758
4.34375 67.2352766089403
4.375 66.8764864056311
4.40625 66.5196108283409
4.4375 66.1646396599769
4.46875 65.8115627379683
4.5 65.460369953975
4.53125 65.1110512535986
4.5625 64.7635966360943
4.59375 64.4179961540847
4.625 64.0742399132748
4.65625 63.7323180721693
4.6875 63.3922208417901
4.71875 63.0539384853965
4.75 62.7174613182063
4.78125 62.3827797071188
4.8125 62.0498840704384
4.84375 61.7187648776011
4.875 61.389412648901
4.90625 61.0618179552189
4.9375 60.735971417753
4.96875 60.4118637077498
5 60.089485546237
5.03125 59.7688277037583
5.0625 59.4498810001088
5.09375 59.1326363040722
5.125 58.8170845331597
5.15625 58.5032166533494
5.1875 58.1910236788282
5.21875 57.8804966717344
5.25 57.5716267419016
5.28125 57.2644050466045
5.3125 56.9588227903054
5.34375 56.6548712244027
5.375 56.3525416469803
5.40625 56.0518254025583
5.4375 55.7527138818457
5.46875 55.4551985214932
5.5 55.1592708038487
5.53125 54.8649222567131
5.5625 54.5721444530978
5.59375 54.2809290109836
5.625 53.9912675930803
5.65625 53.7031519065886
5.6875 53.4165737029623
5.71875 53.1315247776721
5.75 52.847996969971
5.78125 52.5659821626604
5.8125 52.285472281858
5.84375 52.0064592967663
5.875 51.7289352194429
5.90625 51.4528921045718
5.9375 51.1783220492358
5.96875 50.9052171926905
6 50.6335697161389
6.03125 50.363371842508
6.0625 50.0946158362256
6.09375 49.8272940029993
6.125 49.5613986895961
6.15625 49.2969222836232
6.1875 49.03385721331
6.21875 48.7721959472914
6.25 48.5119309943926
6.28125 48.2530549034138
6.3125 47.9955602629175
6.34375 47.7394397010162
6.375 47.4846858851612
6.40625 47.2312915219327
6.4375 46.9792493568313
6.46875 46.7285521740698
6.5 46.479192796367
6.53125 46.2311640847421
6.5625 45.9844589383104
6.59375 45.7390702940798
6.625 45.4949911267486
6.65625 45.2522144485049
6.6875 45.0107333088257
6.71875 44.7705407942786
6.75 44.5316300283236
6.78125 44.293994171116
6.8125 44.0576264193112
6.84375 43.8225200058692
6.875 43.5886681998615
6.90625 43.3560643062779
6.9375 43.1247016658353
6.96875 42.8945736547864
7 42.6656736847309
7.03125 42.4379952024261
7.0625 42.2115316895997
7.09375 41.9862766627632
7.125 41.7622236730262
7.15625 41.5393663059115
7.1875 41.3176981811722
7.21875 41.0972129526081
7.25 40.8779043078847
7.28125 40.6597659683523
7.3125 40.4427916888659
7.34375 40.2269752576071
7.375 40.0123104959056
7.40625 39.7987912580627
7.4375 39.5864114311752
7.46875 39.3751649349604
7.5 39.165045721582
7.53125 38.9560477754771
7.5625 38.7481651131839
7.59375 38.5413917831702
7.625 38.3357218656635
7.65625 38.1311494724809
7.6875 37.9276687468609
7.71875 37.7252738632958
7.75 37.5239590273648
7.78125 37.3237184755678
7.8125 37.1245464751611
7.84375 36.9264373239924
7.875 36.7293853503385
7.90625 36.533384912742
7.9375 36.3384303998506
7.96875 36.1445162302558
8 35.9516368523335
8.03125 35.7597867440849
8.0625 35.5689604129786
8.09375 35.3791523957929
8.125 35.1903572584601
8.15625 35.0025695959103
8.1875 34.8157840319167
8.21875 34.6299952189423
8.25 34.4451978379861
8.28125 34.261386598431
8.3125 34.0785562378927
8.34375 33.8967015220685
8.375 33.7158172445879
8.40625 33.5358982268633
8.4375 33.3569393179418
8.46875 33.1789353943576
8.5 33.0018813599857
8.53125 32.8257721458955
8.5625 32.6506027102061
8.59375 32.4763680379418
8.625 32.3030631408882
8.65625 32.1306830574502
8.6875 31.959222852509
8.71875 31.7886776172815
8.75 31.6190424691795
8.78125 31.4503125516699
8.8125 31.2824830341358
8.84375 31.1155491117379
8.875 30.9495060052775
8.90625 30.7843489610589
8.9375 30.6200732507539
8.96875 30.4566741712666
9 30.2941470445978
9.03125 30.1324872177121
9.0625 29.9716900624043
9.09375 29.8117509751665
9.125 29.6526653770571
9.15625 29.4944287135691
9.1875 29.3370364544998
9.21875 29.1804840938213
9.25 29.0247671495514
9.28125 28.8698811636253
9.3125 28.7158217017679
9.34375 28.5625843533668
9.375 28.4101647313462
9.40625 28.2585584720414
9.4375 28.1077612350733
9.46875 27.957768703225
9.5 27.8085765823173
9.53125 27.6601806010865
9.5625 27.5125765110616
9.59375 27.365760086443
9.625 27.2197271239815
9.65625 27.0744734428576
9.6875 26.9299948845621
9.71875 26.7862873127774
9.75 26.6433466132581
9.78125 26.5011686937144
9.8125 26.3597494836938
9.84375 26.2190849344655
9.875 26.079171018904
9.90625 25.9400037313738
9.9375 25.801579087615
9.96875 25.6638931246288
10 25.5269419005646
10.03125 25.3907214946066
10.0625 25.255228006862
10.09375 25.120457558249
10.125 24.9864062903861
10.15625 24.8530703654811
10.1875 24.7204459662219
10.21875 24.5885292956666
10.25 24.4573165771352
10.28125 24.3268040541014
10.3125 24.1969879900849
10.34375 24.0678646685445
10.375 23.9394303927718
10.40625 23.8116814857853
10.4375 23.684614290225
10.46875 23.5582251682479
10.5 23.4325105014238
10.53125 23.3074666906316
10.5625 23.1830901559563
10.59375 23.0593773365866
10.625 22.9363246907129
10.65625 22.813928695426
10.6875 22.6921858466158
10.71875 22.5710926588716
10.75 22.450645665382
10.78125 22.3308414178356
10.8125 22.2116764863225
10.84375 22.0931474592357
10.875 21.975250943174
10.90625 21.8579835628443
10.9375 21.7413419609654
10.96875 21.6253227981714
11 21.5099227529167
11.03125 21.3951385213805
11.0625 21.2809668173721
11.09375 21.1674043722374
11.125 21.0544479347646
11.15625 20.9420942710917
11.1875 20.8303401646135
11.21875 20.7191824158898
11.25 20.6086178425538
11.28125 20.4986432792206
11.3125 20.3892555773972
11.34375 20.2804516053917
11.375 20.1722282482243
11.40625 20.0645824075375
11.4375 19.9575110015078
11.46875 19.8510109647573
11.5 19.7450792482663
11.53125 19.6397128192851
11.5625 19.5349086612484
11.59375 19.4306637736879
11.625 19.3269751721471
11.65625 19.2238398880952
11.6875 19.1212549688429
11.71875 19.0192174774573
11.75 18.9177244926777
11.78125 18.8167731088327
11.8125 18.7163604357562
11.84375 18.6164835987051
11.875 18.517139738277
11.90625 18.4183260103282
11.9375 18.3200395858922
11.96875 18.2222776510988
12 18.1250374070939
12.03125 18.0283160699585
12.0625 17.9321108706301
12.09375 17.8364190548225
12.125 17.7412378829474
12.15625 17.6465646300358
12.1875 17.5523965856601
12.21875 17.4587310538566
12.25 17.365565353048
12.28125 17.2728968159668
12.3125 17.180722789579
12.34375 17.0890406350082
12.375 16.9978477274598
12.40625 16.9071414561459
12.4375 16.8169192242108
12.46875 16.7271784486566
12.5 16.6379165602689
12.53125 16.5491310035437
12.5625 16.4608192366138
12.59375 16.3729787311766
12.625 16.2856069724211
12.65625 16.1987014589563
12.6875 16.1122597027394
12.71875 16.0262792290048
12.75 15.9407575761928
12.78125 15.8556922958798
12.8125 15.7710809527074
12.84375 15.6869211243135
12.875 15.6032104012622
12.90625 15.5199463869753
12.9375 15.4371266976638
12.96875 15.3547489622589
13 15.272810822345
13.03125 15.1913099320918
13.0625 15.1102439581869
13.09375 15.0296105797694
13.125 14.9494074883634
13.15625 14.8696323878117
13.1875 14.7902829942101
13.21875 14.7113570358421
13.25 14.6328522531141
13.28125 14.5547663984901
13.3125 14.477097236428
13.34375 14.3998425433151
13.375 14.3230001074047
13.40625 14.2465677287529
13.4375 14.1705432191553
13.46875 14.0949244020844
13.5 14.0197091126275
13.53125 13.9448951974248
13.5625 13.8704805146071
13.59375 13.7964629337354
13.625 13.7228403357392
13.65625 13.6496106128562
13.6875 13.5767716685716
13.71875 13.5043214175585
13.75 13.4322577856181
13.78125 13.36057870962
13.8125 13.2892821374436
13.84375 13.2183660279188
13.875 13.1478283507682
13.90625 13.0776670865485
13.9375 13.0078802265927
13.96875 12.9384657729531
14 12.8694217383433
14.03125 12.800746146082
14.0625 12.732437030036
14.09375 12.6644924345642
14.125 12.5969104144614
14.15625 12.5296890349025
14.1875 12.4628263713877
14.21875 12.3963205096864
14.25 12.3301695457836
14.28125 12.2643715858243
14.3125 12.1989247460599
14.34375 12.1338271527942
14.375 12.0690769423297
14.40625 12.004672260914
14.4375 11.9406112646872
14.46875 11.8768921196287
14.5 11.8135130015049
14.53125 11.750472095817
14.5625 11.6877675977488
14.59375 11.6253977121155
14.625 11.5633606533117
14.65625 11.5016546452607
14.6875 11.4402779213637
14.71875 11.3792287244489
14.75 11.3185053067214
14.78125 11.2581059297132
14.8125 11.1980288642332
14.84375 11.1382723903181
14.875 11.0788347971826
14.90625 11.0197143831709
14.9375 10.9609094557078
14.96875 10.9024183312503
15 10.8442393352393
15.03125 10.7863708020517
15.0625 10.7288110749527
15.09375 10.6715585060484
15.125 10.6146114562389
15.15625 10.5579682951705
15.1875 10.5016274011903
15.21875 10.4455871612986
15.25 10.3898459711034
15.28125 10.3344022347742
15.3125 10.2792543649966
15.34375 10.2244007829263
15.375 10.1698399181446
15.40625 10.1155702086129
15.4375 10.0615901006281
15.46875 10.0078980487784
15.5 9.95449251589861
15.53125 9.90137197302656
15.5625 9.84853489935904
15.59375 9.79597978220839
15.625 9.74370511695917
15.65625 9.69170940702504
15.6875 9.63999116380601
15.71875 9.58854890664571
15.75 9.53738116278908
15.78125 9.48648646734018
15.8125 9.43586336322024
15.84375 9.38551040112597
15.875 9.33542613948804
15.90625 9.28560914442983
15.9375 9.23605798972636
15.96875 9.18677125676349
16 9.13774753449727
