-6.3 -19.5673437102238
-6.12972972972973 -12.6459158701064
-5.95945945945946 -6.58096871898317
-5.78918918918919 -1.47663323941195
-5.61891891891892 2.60695670498333
-5.44864864864865 5.65226115250433
-5.27837837837838 7.6814121846596
-5.10810810810811 8.75198452398857
-4.93783783783784 8.95170870110575
-4.76756756756757 8.39240429481538
-4.5972972972973 7.20342593655217
-4.42702702702703 5.52491766392814
-4.25675675675676 3.50116219665865
-4.08648648648649 1.27429163021262
-3.91621621621622 -1.02140385896455
-3.74594594594595 -3.26437084052233
-3.57567567567568 -5.34973704696462
-3.40540540540541 -7.19220027354399
-3.23513513513514 -8.72780765287389
-3.06486486486486 -9.91462217635841
-2.89459459459459 -10.732322185152
-2.72432432432432 -11.1808243113929
-2.55405405405405 -11.278059277462
-2.38378378378378 -11.0570616071256
-2.21351351351351 -10.5625575580599
-2.04324324324324 -9.84724971851517
-1.87297297297297 -8.96800138926274
-1.7027027027027 -7.9821191678955
-1.53243243243243 -6.94391853269653
-1.36216216216216 -5.90173552229555
-1.19189189189189 -4.89551898721043
-1.02162162162162 -3.95510378628588
-0.851351351351352 -3.09922736172564
-0.68108108108108 -2.33531213682533
-0.510810810810811 -1.65999598960313
-0.34054054054054 -1.06035449718612
-0.170270270270271 -0.515723462077083
0 0
0.170270270270271 0.515723462077083
0.34054054054054 1.06035449718612
0.510810810810811 1.65999598960313
0.681081081081081 2.33531213682533
0.851351351351351 3.09922736172564
1.02162162162162 3.95510378628587
1.19189189189189 4.89551898721043
1.36216216216216 5.90173552229555
1.53243243243243 6.94391853269653
1.7027027027027 7.9821191678955
1.87297297297297 8.96800138926274
2.04324324324324 9.84724971851517
2.21351351351351 10.5625575580599
2.38378378378378 11.0570616071256
2.55405405405405 11.278059277462
2.72432432432432 11.1808243113929
2.89459459459459 10.732322185152
3.06486486486487 9.91462217635841
3.23513513513514 8.72780765287388
3.4054054054054 7.192200273544
3.57567567567567 5.34973704696463
3.74594594594595 3.26437084052234
3.91621621621622 1.02140385896455
4.08648648648649 -1.27429163021262
4.25675675675676 -3.50116219665864
4.42702702702703 -5.52491766392813
4.5972972972973 -7.20342593655216
4.76756756756757 -8.39240429481538
4.93783783783784 -8.95170870110575
5.10810810810811 -8.75198452398857
5.27837837837838 -7.6814121846596
5.44864864864865 -5.65226115250432
5.61891891891892 -2.60695670498331
5.78918918918919 1.47663323941198
5.95945945945946 6.58096871898314
6.12972972972973 12.6459158701064
6.3 19.5673437102238


-6.3 -14.4525252169684
-6.284375 -14.3705968962266
-6.26875 -14.2649689262361
-6.253125 -14.1353574706612
-6.2375 -13.9815790411956
-6.221875 -13.8035543294893
-6.20625 -13.6013113014257
-6.190625 -13.3749875033616
-6.175 -13.1248315375934
-6.159375 -12.8512036727092
-6.14375 -12.5545755635516
-6.128125 -12.2355290651182
-6.1125 -11.8947541347454
-6.096875 -11.5330458272205
-6.08125 -11.1513003979021
-6.065625 -10.7505105393512
-6.05 -10.3317597872364
-6.034375 -9.89621614122163
-6.01875 -9.44512495602901
-6.003125 -8.97980116674784
-5.9875 -8.50162092060078
-5.971875 -8.01201269465177
-5.95625 -7.51244798523855
-5.940625 -7.0044316601367
-5.925 -6.48949206853069
-5.909375 -5.96917100671848
-5.89375 -5.44501363906459
-5.878125 -4.91855847401944
-5.8625 -4.39132749403486
-5.846875 -3.86481653594554
-5.83125 -3.3404860148887
-5.815625 -2.81975208015739
-5.8 -2.30397828559968
-5.784375 -1.79446785037921
-5.76875 -1.29245657820809
-5.753125 -0.799106494671941
-5.7375 -0.315500253119218
-5.721875 0.157363650076554
-5.70625 0.618574820106271
-5.690625 1.0673140476449
-5.675 1.50285552190276
-5.659375 1.92456817285347
-5.64375 2.3319161527025
-5.628125 2.72445847631634
-5.6125 3.10184784949567
-5.596875 3.46382872252814
-5.58125 3.81023461429053
-5.565625 4.14098475919465
-5.55 4.45608013540924
-5.534375 4.7555989379799
-5.51875 5.03969156466741
-5.503125 5.30857518550443
-5.4875 5.56252796922012
-5.471875 5.80188304080921
-5.45625 6.02702224464739
-5.440625 6.23836978671543
-5.425 6.43638582774041
-5.409375 6.62156009645682
-5.39375 6.79440558880563
-5.378125 6.95545241480809
-5.3625 7.10524185016296
-5.346875 7.24432064441484
-5.33125 7.3732356319266
-5.315625 7.49252868595959
-5.3 7.60273205002213
-5.284375 7.70436407438716
-5.26875 7.79792537939883
-5.253125 7.88389546097599
-5.2375 7.96272974766035
-5.221875 8.03485711272769
-5.20625 8.10067783934899
-5.190625 8.16056203161576
-5.175 8.21484845948198
-5.159375 8.2638438213638
-5.14375 8.3078224043119
-5.128125 8.3470261183505
-5.1125 8.38166487877644
-5.096875 8.4119173079352
-5.08125 8.43793172623414
-5.065625 8.45982740090579
-5.05 8.47769602027621
-5.034375 8.49160336100119
-5.01875 8.50159111587595
-5.003125 8.50767885036801
-4.9875 8.50986605692909
-4.971875 8.50813427737147
-4.95625 8.50244926510239
-4.940625 8.49276316075664
-4.925 8.47901665670592
-4.909375 8.46114112801425
-4.89375 8.43906070960761
-4.878125 8.41269430169602
-4.8625 8.38195748778749
-4.846875 8.34676435193409
-4.83125 8.30702918411706
-4.815625 8.26266806488364
-4.8 8.21360032246807
-4.784375 8.15974985764213
-4.76875 8.10104633342904
-4.753125 8.03742622856451
-4.7375 7.96883375518974
-4.721875 7.89522164270617
-4.70625 7.81655179100594
-4.690625 7.73279579741398
-4.675 7.64393536263938
-4.659375 7.54996258183689
-4.64375 7.45088012753123
-4.628125 7.34670133166281
-4.6125 7.23745017438289
-4.596875 7.12316118746833
-4.58125 7.00387928035106
-4.565625 6.87965949677661
-4.55 6.75056671003018
-4.534375 6.6166752645098
-4.51875 6.47806857119496
-4.503125 6.33483866426677
-4.4875 6.18708572579349
-4.471875 6.03491758501204
-4.45625 5.87844919832314
-4.440625 5.71780211568207
-4.425 5.55310393861781
-4.409375 5.38448777465788
-4.39375 5.21209169248038
-4.378125 5.03605818166449
-4.3625 4.85653362047138
-4.346875 4.67366775466243
-4.33125 4.48761318995486
-4.315625 4.29852490032882
-4.3 4.10655975403653
-4.284375 3.91187605882543
-4.26875 3.71463312757306
-4.253125 3.51499086524373
-4.2375 3.31310937781456
-4.221875 3.10914860358164
-4.20625 2.90326796704528
-4.190625 2.69562605538494
-4.175 2.48638031736999
-4.159375 2.27568678440858
-4.14375 2.06369981331444
-4.128125 1.85057185026733
-4.1125 1.63645321535646
-4.096875 1.42149190702616
-4.08125 1.205833425687
-4.065625 0.989620615713457
-4.05 0.772993525018131
-4.034375 0.55608928137249
-4.01875 0.339041984632801
-4.003125 0.121982614026986
-3.9875 -0.0949610503382101
-3.971875 -0.311664492580501
-3.95625 -0.52800651357213
-3.940625 -0.74386927169405
-3.925 -0.959138312589729
-3.909375 -1.17370258866913
-3.89375 -1.38745446908672
-3.878125 -1.60028974088908
-3.8625 -1.81210760199817
-3.846875 -2.02281064666662
-3.83125 -2.23230484401072
-3.815625 -2.440499510197
-3.8 -2.64730727482778
-3.784375 -2.85264404204209
-3.76875 -3.05642894681906
-3.753125 -3.25858430694317
-3.7375 -3.45903557106331
-3.721875 -3.65771126325181
-3.70625 -3.8545429244442
-3.690625 -4.04946505111687
-3.675 -4.24241503153677
-3.659375 -4.4333330798959
-3.64375 -4.6221621686228
-3.628125 -4.80884795914414
-3.6125 -4.99333873135154
-3.596875 -5.17558531201175
-3.58125 -5.35554100234263
-3.565625 -5.53316150496299
-3.55 -5.70840485041049
-3.534375 -5.88123132340951
-3.51875 -6.05160338905952
-3.503125 -6.21948561910367
-3.4875 -6.38484461842814
-3.471875 -6.5476489519335
-3.45625 -6.70786907191216
-3.440625 -6.86547724605803
-3.425 -7.02044748622887
-3.409375 -7.17275547807529
-3.39375 -7.32237851164598
-3.378125 -7.46929541307333
-3.3625 -7.61348647744021
-3.346875 -7.75493340292445
-3.33125 -7.89361922631448
-3.315625 -8.02952825998674
-3.3 -8.16264603043233
-3.284375 -8.2929592184182
-3.26875 -8.4204556008658
-3.253125 -8.54512399452751
-3.2375 -8.66695420153931
-3.221875 -8.7859369569258
-3.20625 -8.90206387813115
-3.190625 -9.01532741664777
-3.175 -9.12572081181109
-3.159375 -9.23323804682719
-3.14375 -9.33787380709609
-3.128125 -9.43962344089106
-3.1125 -9.53848292245065
-3.096875 -9.63444881753613
-3.08125 -9.72751825150344
-3.065625 -9.81768887993396
-3.05 -9.90495886186377
-3.034375 -9.98932683564598
-3.01875 -10.0707918974752
-3.003125 -10.1493535825972
-2.9875 -10.225011849221
-2.971875 -10.2977670651429
-2.95625 -10.3676199970877
-2.940625 -10.4345718027605
-2.925 -10.4986240256009
-2.909375 -10.5597785922174
-2.89375 -10.6180378124768
-2.878125 -10.6734043822117
-2.8625 -10.7258813885023
-2.846875 -10.7754723174803
-2.83125 -10.8221810645918
-2.815625 -10.8660119472502
-2.8 -10.9069697197989
-2.784375 -10.9450595906958
-2.76875 -10.9802872418228
-2.753125 -11.0126588498141
-2.7375 -11.0421811092899
-2.721875 -11.0688612578721
-2.70625 -11.0927071028517
-2.690625 -11.11372704937
-2.675 -11.1319301299675
-2.659375 -11.1473260353474
-2.64375 -11.1599251461947
-2.628125 -11.1697385658866
-2.6125 -11.1767781539206
-2.596875 -11.1810565598877
-2.58125 -11.1825872578073
-2.565625 -11.1813845806429
-2.55 -11.1774637548082
-2.534375 -11.1708409344773
-2.51875 -11.1615332355054
-2.503125 -11.1495587687703
-2.4875 -11.1349366727399
-2.471875 -11.1176871450765
-2.45625 -11.097831473087
-2.440625 -11.0753920628305
-2.425 -11.0503924666987
-2.409375 -11.0228574092885
-2.39375 -10.9928128113891
-2.378125 -10.9602858119131
-2.3625 -10.9253047876061
-2.346875 -10.8878993703755
-2.33125 -10.8481004620888
-2.315625 -10.8059402466982
-2.3 -10.7614521995565
-2.284375 -10.7146710938016
-2.26875 -10.6656330036938
-2.253125 -10.6143753048031
-2.2375 -10.5609366709525
-2.221875 -10.5053570678384
-2.20625 -10.447677743257
-2.190625 -10.3879412138805
-2.175 -10.3261912485403
-2.159375 -10.2624728479848
-2.14375 -10.1968322210941
-2.128125 -10.1293167575479
-2.1125 -10.0599749969545
-2.096875 -9.98885659446398
-2.08125 -9.91601228290073
-2.065625 -9.84149383146505
-2.05 -9.76535400106595
-2.034375 -9.68764649636078
-2.01875 -9.6084259145901
-2.003125 -9.52774769130873
-1.9875 -9.44566804312614
-1.971875 -9.3622439075813
-1.95625 -9.27753288028817
-1.940625 -9.19159314949951
-1.925 -9.10448342824639
-1.909375 -9.01626288422116
-1.89375 -8.92699106758047
-1.878125 -8.83672783685373
-1.8625 -8.74553328315008
-1.846875 -8.65346765286424
-1.83125 -8.560591269088
-1.815625 -8.46696445193972
-1.8 -8.37264743802908
-1.784375 -8.27770029927856
-1.76875 -8.18218286132612
-1.753125 -8.0861546217362
-1.7375 -7.98967466824771
-1.721875 -7.89280159728833
-1.70625 -7.79559343298447
-1.690625 -7.69810754689541
-1.675 -7.60040057869819
-1.659375 -7.50252835804744
-1.64375 -7.40454582783098
-1.628125 -7.30650696903775
-1.6125 -7.20846472744991
-1.596875 -7.11047094236517
-1.58125 -7.01257627754906
-1.565625 -6.91483015460994
-1.55 -6.81728068898148
-1.534375 -6.71997462868955
-1.51875 -6.62295729607096
-1.503125 -6.52627253260235
-1.4875 -6.42996264698742
-1.471875 -6.33406836664036
-1.45625 -6.23862879269201
-1.440625 -6.14368135863458
-1.425 -6.04926179270861
-1.409375 -5.95540408412426
-1.39375 -5.86214045319649
-1.378125 -5.76950132546167
-1.3625 -5.67751530983028
-1.346875 -5.58620918081777
-1.33125 -5.49560786488313
-1.315625 -5.40573443089148
-1.3 -5.31661008470478
-1.284375 -5.2282541678917
-1.26875 -5.14068416053532
-1.253125 -5.05391568810484
-1.2375 -4.9679625323454
-1.221875 -4.88283664612801
-1.20625 -4.79854817218992
-1.190625 -4.71510546568456
-1.175 -4.63251512044902
-1.159375 -4.55078199888634
-1.14375 -4.46990926534995
-1.128125 -4.38989842290754
-1.1125 -4.31074935335264
-1.096875 -4.2324603603232
-1.08125 -4.15502821537829
-1.065625 -4.07844820687645
-1.05 -4.00271419149202
-1.034375 -3.92781864819908
-1.01875 -3.85375273454714
-1.003125 -3.78050634504681
-0.9875 -3.70806817147957
-0.971875 -3.63642576494124
-0.95625 -3.56556559942564
-0.940625 -3.49547313675189
-0.925 -3.42613289263691
-0.909375 -3.35752850371295
-0.89375 -3.28964279528927
-0.878125 -3.22245784965677
-0.8625 -3.15595507473479
-0.846875 -3.09011527286027
-0.83125 -3.02491870952117
-0.815625 -2.96034518183802
-0.8 -2.89637408660055
-0.784375 -2.83298448766939
-0.76875 -2.77015518255681
-0.753125 -2.70786476800502
-0.7375 -2.64609170438506
-0.721875 -2.58481437874516
-0.70625 -2.52401116634281
-0.690625 -2.46366049050139
-0.675 -2.4037408806388
-0.659375 -2.3442310283223
-0.64375 -2.28510984121174
-0.628125 -2.22635649476051
-0.6125 -2.16795048155199
-0.596875 -2.10987165815743
-0.58125 -2.05210028940981
-0.565625 -1.99461708999697
-0.55 -1.93740326328634
-0.534375 -1.88044053730278
-0.51875 -1.82371119779017
-0.503125 -1.76719811829699
-0.4875 -1.71088478723547
-0.471875 -1.65475533187347
-0.45625 -1.59879453922784
-0.440625 -1.54298787383745
-0.425 -1.48732149240388
-0.409375 -1.43178225529695
-0.39375 -1.37635773493186
-0.378125 -1.3210362210341
-0.3625 -1.26580672281725
-0.346875 -1.21065896810817
-0.33125 -1.15558339946261
-0.315625 -1.10057116732336
-0.3 -1.04561412028126
-0.284375 -0.990704792507876
-0.26875 -0.935836388436446
-0.253125 -0.881002764775825
-0.2375 -0.826198409949278
-0.221875 -0.771418421057407
-0.20625 -0.716658478471309
-0.190625 -0.661914818168634
-0.175 -0.607184201931414
-0.159375 -0.552463885530465
-0.14375 -0.497751585026607
-0.128125 -0.443045441324163
-0.1125 -0.388343983116866
-0.0968749999999998 -0.333646088370756
-0.0812499999999998 -0.278950944492544
-0.0656249999999998 -0.224258007335507
-0.0499999999999998 -0.169566959198111
-0.0343749999999998 -0.114877665973275
-0.0187499999999998 -0.0601901336084656
-0.00312499999999982 -0.00550446403871415
0.0125000000000002 0.0491791892439797
0.0281250000000002 0.103860665820366
0.0437500000000002 0.158539843007743
0.0593750000000002 0.213216680392712
0.0750000000000002 0.267891264068055
0.0906250000000002 0.322563850409695
0.10625 0.377234909230901
0.121875 0.431905166152534
0.1375 0.486575644030212
0.153125 0.541247703281772
0.16875 0.595923080961348
0.184375 0.650603928429721
0.2 0.705292847474364
0.215625 0.759992924736788
0.23125 0.814707764309326
0.246875 0.869441518368507
0.2625 0.924198915717463
0.278125 0.978985288115529
0.29375 1.03380659427929
0.309375 1.08866944144574
0.325 1.14358110439487
0.340625 1.19854954183628
0.35625 1.25358341007154
0.371875 1.30869207385187
0.3875 1.36388561435852
0.403125 1.41917483424152
0.41875 1.47457125966089
0.434375 1.53008713928282
0.45 1.58573544019265
0.465625 1.64152984069495
0.48125 1.69748471998058
0.496875 1.75361514464976
0.5125 1.80993685208953
0.528125 1.8664662307137
0.54375 1.92322029708275
0.559375 1.9802166699308
0.575 2.03747354113649
0.590625 2.09500964368406
0.60625 2.15284421667056
0.621875 2.21099696742465
0.6375 2.2694880308117
0.653125 2.32833792580931
0.66875 2.38756750944643
0.684375 2.44719792820818
0.7 2.50725056701722
0.715625 2.56774699591104
0.73125 2.62870891454261
0.746875 2.69015809464006
0.7625 2.75211632056834
0.778125 2.81460532814327
0.79375 2.87764674185528
0.809375 2.94126201066655
0.825 3.00547234255138
0.840625 3.07029863795521
0.85625 3.13576142235284
0.871875 3.20188077809124
0.8875 3.26867627570601
0.903125 3.33616690490473
0.91875 3.40437100541309
0.934375 3.47330619788225
0.95 3.54298931505774
0.965625 3.61343633341168
0.98125 3.68466230544048
0.996875 3.75668129283035
1.0125 3.8295063006925
1.028125 3.90314921306833
1.04375 3.97762072990352
1.059375 4.05293030568682
1.075 4.12908608994675
1.090625 4.20609486979522
1.10625 4.28396201470276
1.121875 4.362691423685
1.1375 4.44228547507424
1.153125 4.52274497904378
1.16875 4.60406913304545
1.184375 4.68625548031383
1.2 4.76929987158187
1.215625 4.85319643014472
1.23125 4.93793752039885
1.246875 5.02351371997442
1.2625 5.10991379556838
1.278125 5.1971246825755
1.29375 5.28513146860352
1.309375 5.37391738094727
1.325 5.46346377808502
1.340625 5.55375014524845
1.35625 5.64475409410524
1.371875 5.73645136658115
1.3875 5.82881584283555
1.403125 5.92181955339196
1.41875 6.01543269541202
1.434375 6.10962365308886
1.45 6.20435902212251
1.465625 6.29960363822757
1.48125 6.39532060961052
1.496875 6.4914713533414
1.5125 6.58801563553231
1.528125 6.68491161522301
1.54375 6.7821158918621
1.559375 6.87958355626055
1.575 6.97726824488343
1.590625 7.07512219733481
1.60625 7.17309631688041
1.621875 7.27114023384315
1.6375 7.36920237169721
1.653125 7.46723001567751
1.66875 7.56516938371392
1.684375 7.66296569949154
1.7 7.76056326743209
1.715625 7.85790554938542
1.73125 7.95493524281465
1.746875 8.05159436025423
1.7625 8.14782430981644
1.778125 8.24356597651873
1.79375 8.33875980420264
1.809375 8.4333458778133
1.825 8.52726400580845
1.840625 8.62045380246613
1.85625 8.71285476986163
1.871875 8.80440637928615
1.8875 8.89504815188274
1.903125 8.98471973827895
1.91875 9.07336099699979
1.934375 9.16091207145044
1.95 9.24731346526407
1.965625 9.33250611581695
1.98125 9.41643146572091
1.996875 9.49903153211134
2.0125 9.58024897355797
2.028125 9.66002715443541
2.04375 9.73831020660037
2.059375 9.81504308823364
2.075 9.89017163971587
2.090625 9.96364263641801
2.10625 10.0354038382995
2.121875 10.1054040362197
2.1375 10.173593094881
2.153125 10.2399219923352
2.16875 10.3043428559972
2.184375 10.366808995125
2.2 10.4272749297378
2.215625 10.4856964159557
2.23125 10.5420304677623
2.246875 10.5962353752007
2.2625 10.6482707190285
2.278125 10.6980973818714
2.29375 10.7456775559259
2.309375 10.7909747472766
2.325 10.8339537769022
2.340625 10.8745807784613
2.35625 10.9128231929552
2.371875 10.9486497603796
2.3875 10.9820305084851
2.403125 11.0129367387788
2.41875 11.0413410099044
2.434375 11.0672171185514
2.45 11.0905400780488
2.465625 11.1112860948059
2.48125 11.1294325427715
2.496875 11.1449579360859
2.5125 11.1578419001058
2.528125 11.1680651409882
2.54375 11.175609414019
2.559375 11.1804574908784
2.575 11.1825931260337
2.590625 11.1820010224546
2.60625 11.1786667968417
2.621875 11.1725769445633
2.6375 11.1637188044907
2.653125 11.1520805239208
2.66875 11.1376510237743
2.684375 11.1204199642505
2.7 11.1003777111197
2.715625 11.0775153028255
2.73125 11.051824418568
2.746875 11.0232973475294
2.7625 10.9919269593991
2.778125 10.9577066763496
2.79375 10.9206304466033
2.809375 10.880692719728
2.825 10.8378884237864
2.840625 10.7922129444591
2.85625 10.7436621062518
2.871875 10.6922321558888
2.8875 10.6379197479841
2.903125 10.5807219330774
2.91875 10.5206361481072
2.934375 10.4576602093903
2.95 10.3917923081627
2.965625 10.3230310087338
2.98125 10.2513752492909
2.996875 10.1768243453896
3.0125 10.0993779961507
3.028125 10.0190362931811
3.04375 9.93579973222729
3.059375 9.84966922755979
3.075 9.76064612908515
3.090625 9.66873224217021
3.10625 9.57392985016019
3.121875 9.47624173956479
3.1375 9.37567122788124
3.153125 9.2722221940177
3.16875 9.16589911127576
3.184375 9.05670708284597
3.2 8.94465187976625
3.215625 8.82973998128904
3.23125 8.71197861759949
3.246875 8.59137581482377
3.2625 8.46794044226331
3.278125 8.34168226178819
3.29375 8.21261197932022
3.309375 8.08074129833344
3.325 7.94608297529808
3.340625 7.80865087699086
3.35625 7.66846003959292
3.371875 7.52552672949397
3.3875 7.37986850571887
3.403125 7.23150428389038
3.41875 7.08045440163895
3.434375 6.92674068536761
3.45 6.77038651827639
3.465625 6.61141690954725
3.48125 6.44985856458634
3.496875 6.28573995621577
3.5125 6.11909139670185
3.528125 5.94994511050118
3.54375 5.7783353075994
3.559375 5.60429825731035
3.575 5.42787236239554
3.590625 5.24909823335493
3.60625 5.06801876273065
3.621875 4.8846791992546
3.6375 4.69912722165942
3.653125 4.51141301195979
3.66875 4.32158932799753
3.684375 4.12971157502915
3.7 3.93583787611889
3.715625 3.74002914108311
3.73125 3.54234913371404
3.746875 3.34286453699146
3.7625 3.14164501597012
3.778125 2.93876327800956
3.79375 2.73429512998956
3.809375 2.52831953213065
3.825 2.32091864801396
3.840625 2.11217789036836
3.85625 1.90218596216572
3.871875 1.6910348925369
3.8875 1.4788200669924
3.903125 1.26564025140203
3.91875 1.05159760915793
3.934375 0.836797710915615
3.95 0.621349536277193
3.965625 0.405365466751689
3.98125 0.188961269298275
3.996875 -0.0277439302693496
4.0125 -0.244627684765411
4.028125 -0.461564274773019
4.04375 -0.67842477023662
4.059375 -0.895077105316317
4.075 -1.11138616732788
4.090625 -1.32721390060052
4.10625 -1.54241942608662
4.121875 -1.75685917755299
4.1375 -1.97038705517008
4.153125 -2.18285459729363
4.16875 -2.39411117120039
4.184375 -2.60400418349532
4.2 -2.81237931084977
4.215625 -3.01908075165856
4.23125 -3.22395149911548
4.246875 -3.42683363610179
4.2625 -3.6275686521584
4.278125 -3.82599778266842
4.29375 -4.02196237021201
4.309375 -4.21530424786778
4.325 -4.4058661440249
4.340625 -4.59349210803503
4.35625 -4.77802795577474
4.371875 -4.95932173390485
4.3875 -5.13722420130565
4.403125 -5.31158932583434
4.41875 -5.48227479419675
4.434375 -5.64914253234871
4.45 -5.81205923344753
4.465625 -5.97089688996197
4.48125 -6.12553332612444
4.496875 -6.27585272647519
4.5125 -6.42174615581044
4.528125 -6.56311206540987
4.54375 -6.69985677998998
4.559375 -6.83189495941614
4.575 -6.95915002881438
4.590625 -7.0815545703644
4.60625 -7.19905066973459
4.621875 -7.31159020985043
4.6375 -7.41913510447747
4.653125 -7.52165746396079
4.66875 -7.61913968540515
4.684375 -7.71157445961371
4.7 -7.79896468724054
4.715625 -7.88132329686124
4.73125 -7.95867295803869
4.746875 -8.03104568296433
4.7625 -8.09848231089797
4.778125 -8.1610318704177
4.79375 -8.21875081542965
4.809375 -8.27170213197901
4.825 -8.31995431414919
4.840625 -8.36358020873343
4.85625 -8.40265572990827
4.871875 -8.43725844682368
4.8875 -8.46746604884033
4.903125 -8.49335469507625
4.91875 -8.51499725695655
4.934375 -8.53246146457101
4.95 -8.54580796981047
4.965625 -8.5550883414492
4.98125 -8.56034300953469
4.996875 -8.56159917860779
5.0125 -8.55886873136813
5.028125 -8.55214614638604
5.04375 -8.54140645530202
5.059375 -8.52660326661018
5.075 -8.50766688454924
5.090625 -8.484502552786
5.10625 -8.45698885342912
5.121875 -8.42497629241939
5.1375 -8.38828610246958
5.153125 -8.34670929444062
5.16875 -8.30000598731251
5.184375 -8.24790504571556
5.2 -8.19010405231193
5.215625 -8.12626964014876
5.23125 -8.05603820743846
5.246875 -7.97901703406314
5.2625 -7.89478581546107
5.278125 -7.80289862545523
5.29375 -7.70288631505599
5.309375 -7.5942593493528
5.325 -7.47651107934957
5.340625 -7.34912144005267
5.35625 -7.21156106035367
5.371875 -7.06329576433276
5.3875 -6.90379143762312
5.403125 -6.73251922650457
5.41875 -6.54896103152694
5.434375 -6.35261525179143
5.45 -6.1430027306357
5.465625 -5.91967284847085
5.48125 -5.68220970399716
5.496875 -5.43023832107147
5.5125 -5.16343081519716
5.528125 -4.88151245103475
5.54375 -4.58426752055972
5.559375 -4.27154497058174
5.575 -3.9432637083375
5.590625 -3.59941751481219
5.60625 -3.24007949735612
5.621875 -2.86540601605054
5.6375 -2.47564002213295
5.653125 -2.07111375159397
5.66875 -1.65225072276618
5.684375 -1.21956699328557
5.7 -0.77367163914806
5.715625 -0.315266426623172
5.73125 0.154855343574408
5.746875 0.635810831325932
5.7625 1.12663049333504
5.778125 1.62626175277419
5.79375 2.13357348474267
5.809375 2.64736129012024
5.825 3.16635352076982
5.840625 3.68921800973091
5.85625 4.21456945119143
5.871875 4.74097736676231
5.8875 5.26697458703356
5.903125 5.79106617067736
5.91875 6.31173867758821
5.934375 6.82746970780182
5.95 7.33673761428838
5.965625 7.83803129522977
5.98125 8.32985997010368
5.996875 8.81076284383274
6.0125 9.27931856441421
6.028125 9.73415438180961
6.04375 10.173954919408
6.059375 10.5974704740257
6.075 11.0035247661016
6.090625 11.3910220683977
6.10625 11.7589536490251
6.121875 12.1064034728666
6.1375 12.4325531143348
6.153125 12.7366858437637
6.16875 13.0181898594298
6.184375 13.2765606471114
6.2 13.5114024590653
6.215625 13.722428914194
6.23125 13.9094627308551
6.246875 14.0724346131001
6.2625 14.2113813199885
6.278125 14.326442955909
6.29375 14.4178595274309
