-6 0.027027027027027
-4.66666666666667 0.0439024390243902
-3.33333333333333 0.0825688073394495
-2 0.2
-0.666666666666667 0.692307692307692
0.666666666666667 0.692307692307692
2 0.2
3.33333333333333 0.0825688073394495
4.66666666666667 0.0439024390243903
6 0.027027027027027


-6 0.027027027027027 0.027027027027027
-5.87878787878788 -0.143524289482109 0.0262572399374909
-5.75757575757576 -0.241241745248212 0.0257134684995226
-5.63636363636364 -0.283946666916542 0.025459894265888
-5.51515151515152 -0.286520443957386 0.0255721012016541
-5.39393939393939 -0.261237579672585 0.0261366696336536
-5.27272727272727 -0.21807348368299 0.0272488874995537
-5.15151515151515 -0.164988178305076 0.0290074468596594
-5.03030303030303 -0.108187065737803 0.0315047888771121
-4.90909090909091 -0.0523598774936705 0.0348119132983414
-4.78787878787879 -0.00089890202078414 0.0389573895227337
-4.66666666666667 0.0439024390243905 0.0439024390243903
-4.54545454545454 0.0806696208810301 0.0495173849161931
-4.42424242424242 0.108784632679315 0.0555685332005395
-4.3030303030303 0.128240187328865 0.0617262094829805
-4.18181818181818 0.139509555789113 0.0676010718075101
-4.06060606060606 0.143431082697617 0.0728058441986954
-3.93939393939394 0.141106465819428 0.0770271626717648
-3.81818181818182 0.1338119072678 0.0800853038360033
-3.6969696969697 0.122921269933623 0.0819640346526255
-3.57575757575758 0.109840398048129 0.0828063769826074
-3.45454545454545 0.0959517862905372 0.0828858223558804
-3.33333333333333 0.0825688073394494 0.0825688073394496
-3.21212121212121 0.0708987332539319 0.0822820707535837
-3.09090909090909 0.0620138115573672 0.0824919877642088
-2.96969696969697 0.0568296823842876 0.0836966415326683
-2.84848484848485 0.0560904485375342 0.0864273801287655
-2.72727272727273 0.0603597357902325 0.0912547914650735
-2.60606060606061 0.0700171062541942 0.0987933797734236
-2.48484848484848 0.0852592131235081 0.109698850592649
-2.36363636363636 0.106105110589201 0.124651489462253
-2.24242424242424 0.132405158208001 0.144319000433034
-2.12121212121212 0.163852984495355 0.16929334131349
-2 0.2 0.2
-1.87878787878788 0.240271975604521 0.236586108806577
-1.75757575757576 0.283987227283453 0.278805689511188
-1.63636363636364 0.330375974037633 0.325932969819645
-1.51515151515151 0.37860046121064 0.376741128007468
-1.39393939393939 0.427775466880287 0.429575693409222
-1.27272727272727 0.476988834505281 0.482525833403503
-1.15151515151515 0.525321700494283 0.533660826932438
-1.03030303030303 0.571868110851748 0.58127117586245
-0.909090909090909 0.615753746542068 0.624050720902638
-0.787878787878788 0.656153502700644 0.661180004688948
-0.666666666666666 0.692307692307692 0.692307692307692
-0.545454545454545 0.723536670427681 0.717456764052527
-0.424242424242424 0.749253700604475 0.736894342684133
-0.303030303030303 0.768975910489355 0.750999640890686
-0.181818181818182 0.782333209266246 0.760151911141974
-0.0606060606060606 0.789075064925611 0.764647609890138
0.0606060606060606 0.789075064925612 0.764647609890138
0.181818181818182 0.782333209266246 0.760151911141973
0.303030303030303 0.768975910489355 0.750999640890686
0.424242424242425 0.749253700604475 0.736894342684133
0.545454545454546 0.723536670427681 0.717456764052526
0.666666666666667 0.692307692307692 0.692307692307692
0.787878787878788 0.656153502700645 0.661180004688948
0.909090909090909 0.615753746542068 0.624050720902638
1.03030303030303 0.571868110851748 0.581271175862451
1.15151515151515 0.525321700494283 0.533660826932438
1.27272727272727 0.476988834505281 0.482525833403503
1.39393939393939 0.427775466880287 0.429575693409222
1.51515151515152 0.37860046121064 0.376741128007468
1.63636363636364 0.330375974037633 0.325932969819645
1.75757575757576 0.283987227283453 0.278805689511188
1.87878787878788 0.240271975604521 0.236586108806577
2 0.2 0.2
2.12121212121212 0.163852984495355 0.16929334131349
2.24242424242424 0.132405158208001 0.144319000433034
2.36363636363636 0.106105110589201 0.124651489462253
2.48484848484848 0.0852592131235082 0.109698850592649
2.60606060606061 0.0700171062541943 0.0987933797734236
2.72727272727273 0.0603597357902324 0.0912547914650736
2.84848484848485 0.0560904485375341 0.0864273801287655
2.96969696969697 0.0568296823842875 0.0836966415326683
3.09090909090909 0.0620138115573672 0.0824919877642087
3.21212121212121 0.0708987332539319 0.0822820707535837
3.33333333333333 0.0825688073394495 0.0825688073394495
3.45454545454546 0.0959517862905371 0.0828858223558804
3.57575757575758 0.109840398048129 0.0828063769826074
3.6969696969697 0.122921269933623 0.0819640346526255
3.81818181818182 0.1338119072678 0.0800853038360033
3.93939393939394 0.141106465819428 0.0770271626717647
4.06060606060606 0.143431082697617 0.0728058441986954
4.18181818181818 0.139509555789113 0.0676010718075101
4.3030303030303 0.128240187328865 0.0617262094829804
4.42424242424242 0.108784632679315 0.0555685332005395
4.54545454545454 0.0806696208810298 0.0495173849161931
4.66666666666667 0.0439024390243897 0.0439024390243902
4.78787878787879 -0.000898902020784896 0.0389573895227336
4.90909090909091 -0.0523598774936716 0.0348119132983414
5.03030303030303 -0.108187065737804 0.031504788877112
5.15151515151515 -0.164988178305077 0.0290074468596594
5.27272727272727 -0.218073483682991 0.0272488874995536
5.39393939393939 -0.261237579672585 0.0261366696336536
5.51515151515152 -0.286520443957387 0.0255721012016541
5.63636363636364 -0.283946666916542 0.025459894265888
5.75757575757576 -0.241241745248214 0.0257134684995226
5.87878787878788 -0.143524289482109 0.0262572399374909
6 0.027027027027027 0.027027027027027
