-5 1
-4 1
-3 1
-2 1
-1 1
0 1
1 1
2 1
3 1
4 1
5 1


-5 -5
-4 -4
-3 -3
-2 -2
-1 -1
0 0
1 1
2 2
3 3
4 4
5 5


-5 25
-4 16
-3 9
-2 4
-1 1
0 0
1 1
2 4
3 9
4 16
5 25


-5 1
-4.96875 1
-4.9375 1
-4.90625 1
-4.875 1
-4.84375 1
-4.8125 1
-4.78125 1
-4.75 1
-4.71875 1
-4.6875 1
-4.65625 1
-4.625 1
-4.59375 1
-4.5625 1
-4.53125 1
-4.5 1
-4.46875 1
-4.4375 1
-4.40625 1
-4.375 1
-4.34375 1
-4.3125 1
-4.28125 1
-4.25 1
-4.21875 1
-4.1875 1
-4.15625 1
-4.125 1
-4.09375 1
-4.0625 1
-4.03125 1
-4 1
-3.96875 1
-3.9375 1
-3.90625 1
-3.875 1
-3.84375 1
-3.8125 1
-3.78125 1
-3.75 1
-3.71875 1
-3.6875 1
-3.65625 1
-3.625 1
-3.59375 1
-3.5625 1
-3.53125 1
-3.5 1
-3.46875 1
-3.4375 1
-3.40625 1
-3.375 1
-3.34375 1
-3.3125 1
-3.28125 1
-3.25 1
-3.21875 1
-3.1875 1
-3.15625 1
-3.125 1
-3.09375 1
-3.0625 1
-3.03125 1
-3 1
-2.96875 1
-2.9375 1
-2.90625 1
-2.875 1
-2.84375 1
-2.8125 1
-2.78125 1
-2.75 1
-2.71875 1
-2.6875 1
-2.65625 1
-2.625 1
-2.59375 1
-2.5625 1
-2.53125 1
-2.5 1
-2.46875 1
-2.4375 1
-2.40625 1
-2.375 1
-2.34375 1
-2.3125 1
-2.28125 1
-2.25 1
-2.21875 1
-2.1875 1
-2.15625 1
-2.125 1
-2.09375 1
-2.0625 1
-2.03125 1
-2 1
-1.96875 1
-1.9375 1
-1.90625 1
-1.875 1
-1.84375 1
-1.8125 1
-1.78125 1
-1.75 1
-1.71875 1
-1.6875 1
-1.65625 1
-1.625 1
-1.59375 1
-1.5625 1
-1.53125 1
-1.5 1
-1.46875 1
-1.4375 1
-1.40625 1
-1.375 1
-1.34375 1
-1.3125 1
-1.28125 1
-1.25 1
-1.21875 1
-1.1875 1
-1.15625 1
-1.125 1
-1.09375 1
-1.0625 1
-1.03125 1
-1 1
-0.96875 1
-0.9375 1
-0.90625 1
-0.875 1
-0.84375 1
-0.8125 1
-0.78125 1
-0.75 1
-0.71875 1
-0.6875 1
-0.65625 1
-0.625 1
-0.59375 1
-0.5625 1
-0.53125 1
-0.5 1
-0.46875 1
-0.4375 1
-0.40625 1
-0.375 1
-0.34375 1
-0.3125 1
-0.28125 1
-0.25 1
-0.21875 1
-0.1875 1
-0.15625 1
-0.125 1
-0.09375 1
-0.0625 1
-0.03125 1
0 1
0.03125 1
0.0625 1
0.09375 1
0.125 1
0.15625 1
0.1875 1
0.21875 1
0.25 1
0.28125 1
0.3125 1
0.34375 1
0.375 1
0.40625 1
0.4375 1
0.46875 1
0.5 1
0.53125 1
0.5625 1
0.59375 1
0.625 1
0.65625 1
0.6875 1
0.71875 1
0.75 1
0.78125 1
0.8125 1
0.84375 1
0.875 1
0.90625 1
0.9375 1
0.96875 1
1 1
1.03125 1
1.0625 1
1.09375 1
1.125 1
1.15625 1
1.1875 1
1.21875 1
1.25 1
1.28125 1
1.3125 1
1.34375 1
1.375 1
1.40625 1
1.4375 1
1.46875 1
1.5 1
1.53125 1
1.5625 1
1.59375 1
1.625 1
1.65625 1
1.6875 1
1.71875 1
1.75 1
1.78125 1
1.8125 1
1.84375 1
1.875 1
1.90625 1
1.9375 1
1.96875 1
2 1
2.03125 1
2.0625 1
2.09375 1
2.125 1
2.15625 1
2.1875 1
2.21875 1
2.25 1
2.28125 1
2.3125 1
2.34375 1
2.375 1
2.40625 1
2.4375 1
2.46875 1
2.5 1
2.53125 1
2.5625 1
2.59375 1
2.625 1
2.65625 1
2.6875 1
2.71875 1
2.75 1
2.78125 1
2.8125 1
2.84375 1
2.875 1
2.90625 1
2.9375 1
2.96875 1
3 1
3.03125 1
3.0625 1
3.09375 1
3.125 1
3.15625 1
3.1875 1
3.21875 1
3.25 1
3.28125 1
3.3125 1
3.34375 1
3.375 1
3.40625 1
3.4375 1
3.46875 1
3.5 1
3.53125 1
3.5625 1
3.59375 1
3.625 1
3.65625 1
3.6875 1
3.71875 1
3.75 1
3.78125 1
3.8125 1
3.84375 1
3.875 1
3.90625 1
3.9375 1
3.96875 1
4 1
4.03125 1
4.0625 1
4.09375 1
4.125 1
4.15625 1
4.1875 1
4.21875 1
4.25 1
4.28125 1
4.3125 1
4.34375 1
4.375 1
4.40625 1
4.4375 1
4.46875 1
4.5 1
4.53125 1
4.5625 1
4.59375 1
4.625 1
4.65625 1
4.6875 1
4.71875 1
4.75 1
4.78125 1
4.8125 1
4.84375 1
4.875 1
4.90625 1
4.9375 1
4.96875 1
5 1


-5 0
-4.96875 0
-4.9375 0
-4.90625 0
-4.875 0
-4.84375 0
-4.8125 0
-4.78125 0
-4.75 0
-4.71875 0
-4.6875 0
-4.65625 0
-4.625 0
-4.59375 0
-4.5625 0
-4.53125 0
-4.5 0
-4.46875 0
-4.4375 0
-4.40625 0
-4.375 0
-4.34375 0
-4.3125 0
-4.28125 0
-4.25 0
-4.21875 0
-4.1875 0
-4.15625 0
-4.125 0
-4.09375 0
-4.0625 0
-4.03125 0
-4 0
-3.96875 0
-3.9375 0
-3.90625 0
-3.875 0
-3.84375 0
-3.8125 0
-3.78125 0
-3.75 0
-3.71875 0
-3.6875 0
-3.65625 0
-3.625 0
-3.59375 0
-3.5625 0
-3.53125 0
-3.5 0
-3.46875 0
-3.4375 0
-3.40625 0
-3.375 0
-3.34375 0
-3.3125 0
-3.28125 0
-3.25 0
-3.21875 0
-3.1875 0
-3.15625 0
-3.125 0
-3.09375 0
-3.0625 0
-3.03125 0
-3 0
-2.96875 0
-2.9375 0
-2.90625 0
-2.875 0
-2.84375 0
-2.8125 0
-2.78125 0
-2.75 0
-2.71875 0
-2.6875 0
-2.65625 0
-2.625 0
-2.59375 0
-2.5625 0
-2.53125 0
-2.5 0
-2.46875 0
-2.4375 0
-2.40625 0
-2.375 0
-2.34375 0
-2.3125 0
-2.28125 0
-2.25 0
-2.21875 0
-2.1875 0
-2.15625 0
-2.125 0
-2.09375 0
-2.0625 0
-2.03125 0
-2 0
-1.96875 0
-1.9375 0
-1.90625 0
-1.875 0
-1.84375 0
-1.8125 0
-1.78125 0
-1.75 0
-1.71875 0
-1.6875 0
-1.65625 0
-1.625 0
-1.59375 0
-1.5625 0
-1.53125 0
-1.5 0
-1.46875 0
-1.4375 0
-1.40625 0
-1.375 0
-1.34375 0
-1.3125 0
-1.28125 0
-1.25 0
-1.21875 0
-1.1875 0
-1.15625 0
-1.125 0
-1.09375 0
-1.0625 0
-1.03125 0
-1 0
-0.96875 0
-0.9375 0
-0.90625 0
-0.875 0
-0.84375 0
-0.8125 0
-0.78125 0
-0.75 0
-0.71875 0
-0.6875 0
-0.65625 0
-0.625 0
-0.59375 0
-0.5625 0
-0.53125 0
-0.5 0
-0.46875 0
-0.4375 0
-0.40625 0
-0.375 0
-0.34375 0
-0.3125 0
-0.28125 0
-0.25 0
-0.21875 0
-0.1875 0
-0.15625 0
-0.125 0
-0.09375 0
-0.0625 0
-0.03125 0
0 0
0.03125 0
0.0625 0
0.09375 0
0.125 0
0.15625 0
0.1875 0
0.21875 0
0.25 0
0.28125 0
0.3125 0
0.34375 0
0.375 0
0.40625 0
0.4375 0
0.46875 0
0.5 0
0.53125 0
0.5625 0
0.59375 0
0.625 0
0.65625 0
0.6875 0
0.71875 0
0.75 0
0.78125 0
0.8125 0
0.84375 0
0.875 0
0.90625 0
0.9375 0
0.96875 0
1 0
1.03125 0
1.0625 0
1.09375 0
1.125 0
1.15625 0
1.1875 0
1.21875 0
1.25 0
1.28125 0
1.3125 0
1.34375 0
1.375 0
1.40625 0
1.4375 0
1.46875 0
1.5 0
1.53125 0
1.5625 0
1.59375 0
1.625 0
1.65625 0
1.6875 0
1.71875 0
1.75 0
1.78125 0
1.8125 0
1.84375 0
1.875 0
1.90625 0
1.9375 0
1.96875 0
2 0
2.03125 0
2.0625 0
2.09375 0
2.125 0
2.15625 0
2.1875 0
2.21875 0
2.25 0
2.28125 0
2.3125 0
2.34375 0
2.375 0
2.40625 0
2.4375 0
2.46875 0
2.5 0
2.53125 0
2.5625 0
2.59375 0
2.625 0
2.65625 0
2.6875 0
2.71875 0
2.75 0
2.78125 0
2.8125 0
2.84375 0
2.875 0
2.90625 0
2.9375 0
2.96875 0
3 0
3.03125 0
3.0625 0
3.09375 0
3.125 0
3.15625 0
3.1875 0
3.21875 0
3.25 0
3.28125 0
3.3125 0
3.34375 0
3.375 0
3.40625 0
3.4375 0
3.46875 0
3.5 0
3.53125 0
3.5625 0
3.59375 0
3.625 0
3.65625 0
3.6875 0
3.71875 0
3.75 0
3.78125 0
3.8125 0
3.84375 0
3.875 0
3.90625 0
3.9375 0
3.96875 0
4 0
4.03125 0
4.0625 0
4.09375 0
4.125 0
4.15625 0
4.1875 0
4.21875 0
4.25 0
4.28125 0
4.3125 0
4.34375 0
4.375 0
4.40625 0
4.4375 0
4.46875 0
4.5 0
4.53125 0
4.5625 0
4.59375 0
4.625 0
4.65625 0
4.6875 0
4.71875 0
4.75 0
4.78125 0
4.8125 0
4.84375 0
4.875 0
4.90625 0
4.9375 0
4.96875 0
5 0


-5 0
-4.96875 0.03125
-4.9375 0.0625
-4.90625 0.09375
-4.875 0.125
-4.84375 0.15625
-4.8125 0.1875
-4.78125 0.21875
-4.75 0.25
-4.71875 0.28125
-4.6875 0.3125
-4.65625 0.34375
-4.625 0.375
-4.59375 0.40625
-4.5625 0.4375
-4.53125 0.46875
-4.5 0.5
-4.46875 0.53125
-4.4375 0.5625
-4.40625 0.59375
-4.375 0.625
-4.34375 0.65625
-4.3125 0.6875
-4.28125 0.71875
-4.25 0.75
-4.21875 0.78125
-4.1875 0.8125
-4.15625 0.84375
-4.125 0.875
-4.09375 0.90625
-4.0625 0.9375
-4.03125 0.96875
-4 1
-3.96875 1.03125
-3.9375 1.0625
-3.90625 1.09375
-3.875 1.125
-3.84375 1.15625
-3.8125 1.1875
-3.78125 1.21875
-3.75 1.25
-3.71875 1.28125
-3.6875 1.3125
-3.65625 1.34375
-3.625 1.375
-3.59375 1.40625
-3.5625 1.4375
-3.53125 1.46875
-3.5 1.5
-3.46875 1.53125
-3.4375 1.5625
-3.40625 1.59375
-3.375 1.625
-3.34375 1.65625
-3.3125 1.6875
-3.28125 1.71875
-3.25 1.75
-3.21875 1.78125
-3.1875 1.8125
-3.15625 1.84375
-3.125 1.875
-3.09375 1.90625
-3.0625 1.9375
-3.03125 1.96875
-3 2
-2.96875 2.03125
-2.9375 2.0625
-2.90625 2.09375
-2.875 2.125
-2.84375 2.15625
-2.8125 2.1875
-2.78125 2.21875
-2.75 2.25
-2.71875 2.28125
-2.6875 2.3125
-2.65625 2.34375
-2.625 2.375
-2.59375 2.40625
-2.5625 2.4375
-2.53125 2.46875
-2.5 2.5
-2.46875 2.53125
-2.4375 2.5625
-2.40625 2.59375
-2.375 2.625
-2.34375 2.65625
-2.3125 2.6875
-2.28125 2.71875
-2.25 2.75
-2.21875 2.78125
-2.1875 2.8125
-2.15625 2.84375
-2.125 2.875
-2.09375 2.90625
-2.0625 2.9375
-2.03125 2.96875
-2 3
-1.96875 3.03125
-1.9375 3.0625
-1.90625 3.09375
-1.875 3.125
-1.84375 3.15625
-1.8125 3.1875
-1.78125 3.21875
-1.75 3.25
-1.71875 3.28125
-1.6875 3.3125
-1.65625 3.34375
-1.625 3.375
-1.59375 3.40625
-1.5625 3.4375
-1.53125 3.46875
-1.5 3.5
-1.46875 3.53125
-1.4375 3.5625
-1.40625 3.59375
-1.375 3.625
-1.34375 3.65625
-1.3125 3.6875
-1.28125 3.71875
-1.25 3.75
-1.21875 3.78125
-1.1875 3.8125
-1.15625 3.84375
-1.125 3.875
-1.09375 3.90625
-1.0625 3.9375
-1.03125 3.96875
-1 4
-0.96875 4.03125
-0.9375 4.0625
-0.90625 4.09375
-0.875 4.125
-0.84375 4.15625
-0.8125 4.1875
-0.78125 4.21875
-0.75 4.25
-0.71875 4.28125
-0.6875 4.3125
-0.65625 4.34375
-0.625 4.375
-0.59375 4.40625
-0.5625 4.4375
-0.53125 4.46875
-0.5 4.5
-0.46875 4.53125
-0.4375 4.5625
-0.40625 4.59375
-0.375 4.625
-0.34375 4.65625
-0.3125 4.6875
-0.28125 4.71875
-0.25 4.75
-0.21875 4.78125
-0.1875 4.8125
-0.15625 4.84375
-0.125 4.875
-0.09375 4.90625
-0.0625 4.9375
-0.03125 4.96875
0 5
0.03125 5.03125
0.0625 5.0625
0.09375 5.09375
0.125 5.125
0.15625 5.15625
0.1875 5.1875
0.21875 5.21875
0.25 5.25
0.28125 5.28125
0.3125 5.3125
0.34375 5.34375
0.375 5.375
0.40625 5.40625
0.4375 5.4375
0.46875 5.46875
0.5 5.5
0.53125 5.53125
0.5625 5.5625
0.59375 5.59375
0.625 5.625
0.65625 5.65625
0.6875 5.6875
0.71875 5.71875
0.75 5.75
0.78125 5.78125
0.8125 5.8125
0.84375 5.84375
0.875 5.875
0.90625 5.90625
0.9375 5.9375
0.96875 5.96875
1 6
1.03125 6.03125
1.0625 6.0625
1.09375 6.09375
1.125 6.125
1.15625 6.15625
1.1875 6.1875
1.21875 6.21875
1.25 6.25
1.28125 6.28125
1.3125 6.3125
1.34375 6.34375
1.375 6.375
1.40625 6.40625
1.4375 6.4375
1.46875 6.46875
1.5 6.5
1.53125 6.53125
1.5625 6.5625
1.59375 6.59375
1.625 6.625
1.65625 6.65625
1.6875 6.6875
1.71875 6.71875
1.75 6.75
1.78125 6.78125
1.8125 6.8125
1.84375 6.84375
1.875 6.875
1.90625 6.90625
1.9375 6.9375
1.96875 6.96875
2 7
2.03125 7.03125
2.0625 7.0625
2.09375 7.09375
2.125 7.125
2.15625 7.15625
2.1875 7.1875
2.21875 7.21875
2.25 7.25
2.28125 7.28125
2.3125 7.3125
2.34375 7.34375
2.375 7.375
2.40625 7.40625
2.4375 7.4375
2.46875 7.46875
2.5 7.5
2.53125 7.53125
2.5625 7.5625
2.59375 7.59375
2.625 7.625
2.65625 7.65625
2.6875 7.6875
2.71875 7.71875
2.75 7.75
2.78125 7.78125
2.8125 7.8125
2.84375 7.84375
2.875 7.875
2.90625 7.90625
2.9375 7.9375
2.96875 7.96875
3 8
3.03125 8.03125
3.0625 8.0625
3.09375 8.09375
3.125 8.125
3.15625 8.15625
3.1875 8.1875
3.21875 8.21875
3.25 8.25
3.28125 8.28125
3.3125 8.3125
3.34375 8.34375
3.375 8.375
3.40625 8.40625
3.4375 8.4375
3.46875 8.46875
3.5 8.5
3.53125 8.53125
3.5625 8.5625
3.59375 8.59375
3.625 8.625
3.65625 8.65625
3.6875 8.6875
3.71875 8.71875
3.75 8.75
3.78125 8.78125
3.8125 8.8125
3.84375 8.84375
3.875 8.875
3.90625 8.90625
3.9375 8.9375
3.96875 8.96875
4 9
4.03125 9.03125
4.0625 9.0625
4.09375 9.09375
4.125 9.125
4.15625 9.15625
4.1875 9.1875
4.21875 9.21875
4.25 9.25
4.28125 9.28125
4.3125 9.3125
4.34375 9.34375
4.375 9.375
4.40625 9.40625
4.4375 9.4375
4.46875 9.46875
4.5 9.5
4.53125 9.53125
4.5625 9.5625
4.59375 9.59375
4.625 9.625
4.65625 9.65625
4.6875 9.6875
4.71875 9.71875
4.75 9.75
4.78125 9.78125
4.8125 9.8125
4.84375 9.84375
4.875 9.875
4.90625 9.90625
4.9375 9.9375
4.96875 9.96875
5 10


-5 -5
-4.96875 -4.96875
-4.9375 -4.9375
-4.90625 -4.90625
-4.875 -4.875
-4.84375 -4.84375
-4.8125 -4.8125
-4.78125 -4.78125
-4.75 -4.75
-4.71875 -4.71875
-4.6875 -4.6875
-4.65625 -4.65625
-4.625 -4.625
-4.59375 -4.59375
-4.5625 -4.5625
-4.53125 -4.53125
-4.5 -4.5
-4.46875 -4.46875
-4.4375 -4.4375
-4.40625 -4.40625
-4.375 -4.375
-4.34375 -4.34375
-4.3125 -4.3125
-4.28125 -4.28125
-4.25 -4.25
-4.21875 -4.21875
-4.1875 -4.1875
-4.15625 -4.15625
-4.125 -4.125
-4.09375 -4.09375
-4.0625 -4.0625
-4.03125 -4.03125
-4 -4
-3.96875 -3.96875
-3.9375 -3.9375
-3.90625 -3.90625
-3.875 -3.875
-3.84375 -3.84375
-3.8125 -3.8125
-3.78125 -3.78125
-3.75 -3.75
-3.71875 -3.71875
-3.6875 -3.6875
-3.65625 -3.65625
-3.625 -3.625
-3.59375 -3.59375
-3.5625 -3.5625
-3.53125 -3.53125
-3.5 -3.5
-3.46875 -3.46875
-3.4375 -3.4375
-3.40625 -3.40625
-3.375 -3.375
-3.34375 -3.34375
-3.3125 -3.3125
-3.28125 -3.28125
-3.25 -3.25
-3.21875 -3.21875
-3.1875 -3.1875
-3.15625 -3.15625
-3.125 -3.125
-3.09375 -3.09375
-3.0625 -3.0625
-3.03125 -3.03125
-3 -3
-2.96875 -2.96875
-2.9375 -2.9375
-2.90625 -2.90625
-2.875 -2.875
-2.84375 -2.84375
-2.8125 -2.8125
-2.78125 -2.78125
-2.75 -2.75
-2.71875 -2.71875
-2.6875 -2.6875
-2.65625 -2.65625
-2.625 -2.625
-2.59375 -2.59375
-2.5625 -2.5625
-2.53125 -2.53125
-2.5 -2.5
-2.46875 -2.46875
-2.4375 -2.4375
-2.40625 -2.40625
-2.375 -2.375
-2.34375 -2.34375
-2.3125 -2.3125
-2.28125 -2.28125
-2.25 -2.25
-2.21875 -2.21875
-2.1875 -2.1875
-2.15625 -2.15625
-2.125 -2.125
-2.09375 -2.09375
-2.0625 -2.0625
-2.03125 -2.03125
-2 -2
-1.96875 -1.96875
-1.9375 -1.9375
-1.90625 -1.90625
-1.875 -1.875
-1.84375 -1.84375
-1.8125 -1.8125
-1.78125 -1.78125
-1.75 -1.75
-1.71875 -1.71875
-1.6875 -1.6875
-1.65625 -1.65625
-1.625 -1.625
-1.59375 -1.59375
-1.5625 -1.5625
-1.53125 -1.53125
-1.5 -1.5
-1.46875 -1.46875
-1.4375 -1.4375
-1.40625 -1.40625
-1.375 -1.375
-1.34375 -1.34375
-1.3125 -1.3125
-1.28125 -1.28125
-1.25 -1.25
-1.21875 -1.21875
-1.1875 -1.1875
-1.15625 -1.15625
-1.125 -1.125
-1.09375 -1.09375
-1.0625 -1.0625
-1.03125 -1.03125
-1 -1
-0.96875 -0.96875
-0.9375 -0.9375
-0.90625 -0.90625
-0.875 -0.875
-0.84375 -0.84375
-0.8125 -0.8125
-0.78125 -0.78125
-0.75 -0.75
-0.71875 -0.71875
-0.6875 -0.6875
-0.65625 -0.65625
-0.625 -0.625
-0.59375 -0.59375
-0.5625 -0.5625
-0.53125 -0.53125
-0.5 -0.5
-0.46875 -0.46875
-0.4375 -0.4375
-0.40625 -0.40625
-0.375 -0.375
-0.34375 -0.34375
-0.3125 -0.3125
-0.28125 -0.28125
-0.25 -0.25
-0.21875 -0.21875
-0.1875 -0.1875
-0.15625 -0.15625
-0.125 -0.125
-0.09375 -0.09375
-0.0625 -0.0625
-0.03125 -0.03125
0 0
0.03125 0.03125
0.0625 0.0625
0.09375 0.09375
0.125 0.125
0.15625 0.15625
0.1875 0.1875
0.21875 0.21875
0.25 0.25
0.28125 0.28125
0.3125 0.3125
0.34375 0.34375
0.375 0.375
0.40625 0.40625
0.4375 0.4375
0.46875 0.46875
0.5 0.5
0.53125 0.53125
0.5625 0.5625
0.59375 0.59375
0.625 0.625
0.65625 0.65625
0.6875 0.6875
0.71875 0.71875
0.75 0.75
0.78125 0.78125
0.8125 0.8125
0.84375 0.84375
0.875 0.875
0.90625 0.90625
0.9375 0.9375
0.96875 0.96875
1 1
1.03125 1.03125
1.0625 1.0625
1.09375 1.09375
1.125 1.125
1.15625 1.15625
1.1875 1.1875
1.21875 1.21875
1.25 1.25
1.28125 1.28125
1.3125 1.3125
1.34375 1.34375
1.375 1.375
1.40625 1.40625
1.4375 1.4375
1.46875 1.46875
1.5 1.5
1.53125 1.53125
1.5625 1.5625
1.59375 1.59375
1.625 1.625
1.65625 1.65625
1.6875 1.6875
1.71875 1.71875
1.75 1.75
1.78125 1.78125
1.8125 1.8125
1.84375 1.84375
1.875 1.875
1.90625 1.90625
1.9375 1.9375
1.96875 1.96875
2 2
2.03125 2.03125
2.0625 2.0625
2.09375 2.09375
2.125 2.125
2.15625 2.15625
2.1875 2.1875
2.21875 2.21875
2.25 2.25
2.28125 2.28125
2.3125 2.3125
2.34375 2.34375
2.375 2.375
2.40625 2.40625
2.4375 2.4375
2.46875 2.46875
2.5 2.5
2.53125 2.53125
2.5625 2.5625
2.59375 2.59375
2.625 2.625
2.65625 2.65625
2.6875 2.6875
2.71875 2.71875
2.75 2.75
2.78125 2.78125
2.8125 2.8125
2.84375 2.84375
2.875 2.875
2.90625 2.90625
2.9375 2.9375
2.96875 2.96875
3 3
3.03125 3.03125
3.0625 3.0625
3.09375 3.09375
3.125 3.125
3.15625 3.15625
3.1875 3.1875
3.21875 3.21875
3.25 3.25
3.28125 3.28125
3.3125 3.3125
3.34375 3.34375
3.375 3.375
3.40625 3.40625
3.4375 3.4375
3.46875 3.46875
3.5 3.5
3.53125 3.53125
3.5625 3.5625
3.59375 3.59375
3.625 3.625
3.65625 3.65625
3.6875 3.6875
3.71875 3.71875
3.75 3.75
3.78125 3.78125
3.8125 3.8125
3.84375 3.84375
3.875 3.875
3.90625 3.90625
3.9375 3.9375
3.96875 3.96875
4 4
4.03125 4.03125
4.0625 4.0625
4.09375 4.09375
4.125 4.125
4.15625 4.15625
4.1875 4.1875
4.21875 4.21875
4.25 4.25
4.28125 4.28125
4.3125 4.3125
4.34375 4.34375
4.375 4.375
4.40625 4.40625
4.4375 4.4375
4.46875 4.46875
4.5 4.5
4.53125 4.53125
4.5625 4.5625
4.59375 4.59375
4.625 4.625
4.65625 4.65625
4.6875 4.6875
4.71875 4.71875
4.75 4.75
4.78125 4.78125
4.8125 4.8125
4.84375 4.84375
4.875 4.875
4.90625 4.90625
4.9375 4.9375
4.96875 4.96875
5 5


-5 1
-4.96875 1
-4.9375 1
-4.90625 1
-4.875 1
-4.84375 1
-4.8125 1
-4.78125 1
-4.75 1
-4.71875 1
-4.6875 1
-4.65625 1
-4.625 1
-4.59375 1
-4.5625 1
-4.53125 1
-4.5 1
-4.46875 1
-4.4375 1
-4.40625 1
-4.375 1
-4.34375 1
-4.3125 1
-4.28125 1
-4.25 1
-4.21875 1
-4.1875 1
-4.15625 1
-4.125 1
-4.09375 1
-4.0625 1
-4.03125 1
-4 1
-3.96875 1
-3.9375 1
-3.90625 1
-3.875 1
-3.84375 1
-3.8125 1
-3.78125 1
-3.75 1
-3.71875 1
-3.6875 1
-3.65625 1
-3.625 1
-3.59375 1
-3.5625 1
-3.53125 1
-3.5 1
-3.46875 1
-3.4375 1
-3.40625 1
-3.375 1
-3.34375 1
-3.3125 1
-3.28125 1
-3.25 1
-3.21875 1
-3.1875 1
-3.15625 1
-3.125 1
-3.09375 1
-3.0625 1
-3.03125 1
-3 1
-2.96875 1
-2.9375 1
-2.90625 1
-2.875 1
-2.84375 1
-2.8125 1
-2.78125 1
-2.75 1
-2.71875 1
-2.6875 1
-2.65625 1
-2.625 1
-2.59375 1
-2.5625 1
-2.53125 1
-2.5 1
-2.46875 1
-2.4375 1
-2.40625 1
-2.375 1
-2.34375 1
-2.3125 1
-2.28125 1
-2.25 1
-2.21875 1
-2.1875 1
-2.15625 1
-2.125 1
-2.09375 1
-2.0625 1
-2.03125 1
-2 1
-1.96875 1
-1.9375 1
-1.90625 1
-1.875 1
-1.84375 1
-1.8125 1
-1.78125 1
-1.75 1
-1.71875 1
-1.6875 1
-1.65625 1
-1.625 1
-1.59375 1
-1.5625 1
-1.53125 1
-1.5 1
-1.46875 1
-1.4375 1
-1.40625 1
-1.375 1
-1.34375 1
-1.3125 1
-1.28125 1
-1.25 1
-1.21875 1
-1.1875 1
-1.15625 1
-1.125 1
-1.09375 1
-1.0625 1
-1.03125 1
-1 1
-0.96875 1
-0.9375 1
-0.90625 1
-0.875 1
-0.84375 1
-0.8125 1
-0.78125 1
-0.75 1
-0.71875 1
-0.6875 1
-0.65625 1
-0.625 1
-0.59375 1
-0.5625 1
-0.53125 1
-0.5 1
-0.46875 1
-0.4375 1
-0.40625 1
-0.375 1
-0.34375 1
-0.3125 1
-0.28125 1
-0.25 1
-0.21875 1
-0.1875 1
-0.15625 1
-0.125 1
-0.09375 1
-0.0625 1
-0.03125 1
0 1
0.03125 1
0.0625 1
0.09375 1
0.125 1
0.15625 1
0.1875 1
0.21875 1
0.25 1
0.28125 1
0.3125 1
0.34375 1
0.375 1
0.40625 1
0.4375 1
0.46875 1
0.5 1
0.53125 1
0.5625 1
0.59375 1
0.625 1
0.65625 1
0.6875 1
0.71875 1
0.75 1
0.78125 1
0.8125 1
0.84375 1
0.875 1
0.90625 1
0.9375 1
0.96875 1
1 1
1.03125 1
1.0625 1
1.09375 1
1.125 1
1.15625 1
1.1875 1
1.21875 1
1.25 1
1.28125 1
1.3125 1
1.34375 1
1.375 1
1.40625 1
1.4375 1
1.46875 1
1.5 1
1.53125 1
1.5625 1
1.59375 1
1.625 1
1.65625 1
1.6875 1
1.71875 1
1.75 1
1.78125 1
1.8125 1
1.84375 1
1.875 1
1.90625 1
1.9375 1
1.96875 1
2 1
2.03125 1
2.0625 1
2.09375 1
2.125 1
2.15625 1
2.1875 1
2.21875 1
2.25 1
2.28125 1
2.3125 1
2.34375 1
2.375 1
2.40625 1
2.4375 1
2.46875 1
2.5 1
2.53125 1
2.5625 1
2.59375 1
2.625 1
2.65625 1
2.6875 1
2.71875 1
2.75 1
2.78125 1
2.8125 1
2.84375 1
2.875 1
2.90625 1
2.9375 1
2.96875 1
3 1
3.03125 1
3.0625 1
3.09375 1
3.125 1
3.15625 1
3.1875 1
3.21875 1
3.25 1
3.28125 1
3.3125 1
3.34375 1
3.375 1
3.40625 1
3.4375 1
3.46875 1
3.5 1
3.53125 1
3.5625 1
3.59375 1
3.625 1
3.65625 1
3.6875 1
3.71875 1
3.75 1
3.78125 1
3.8125 1
3.84375 1
3.875 1
3.90625 1
3.9375 1
3.96875 1
4 1
4.03125 1
4.0625 1
4.09375 1
4.125 1
4.15625 1
4.1875 1
4.21875 1
4.25 1
4.28125 1
4.3125 1
4.34375 1
4.375 1
4.40625 1
4.4375 1
4.46875 1
4.5 1
4.53125 1
4.5625 1
4.59375 1
4.625 1
4.65625 1
4.6875 1
4.71875 1
4.75 1
4.78125 1
4.8125 1
4.84375 1
4.875 1
4.90625 1
4.9375 1
4.96875 1
5 1


-5 0
-4.96875 -0.31201171875
-4.9375 -0.623046875
-4.90625 -0.93310546875
-4.875 -1.2421875
-4.84375 -1.55029296875
-4.8125 -1.857421875
-4.78125 -2.16357421875
-4.75 -2.46875
-4.71875 -2.77294921875
-4.6875 -3.076171875
-4.65625 -3.37841796875
-4.625 -3.6796875
-4.59375 -3.97998046875
-4.5625 -4.279296875
-4.53125 -4.57763671875
-4.5 -4.875
-4.46875 -5.17138671875
-4.4375 -5.466796875
-4.40625 -5.76123046875
-4.375 -6.0546875
-4.34375 -6.34716796875
-4.3125 -6.638671875
-4.28125 -6.92919921875
-4.25 -7.21875
-4.21875 -7.50732421875
-4.1875 -7.794921875
-4.15625 -8.08154296875
-4.125 -8.3671875
-4.09375 -8.65185546875
-4.0625 -8.935546875
-4.03125 -9.21826171875
-4 -9.5
-3.96875 -9.74951171875
-3.9375 -9.998046875
-3.90625 -10.24560546875
-3.875 -10.4921875
-3.84375 -10.73779296875
-3.8125 -10.982421875
-3.78125 -11.22607421875
-3.75 -11.46875
-3.71875 -11.71044921875
-3.6875 -11.951171875
-3.65625 -12.19091796875
-3.625 -12.4296875
-3.59375 -12.66748046875
-3.5625 -12.904296875
-3.53125 -13.14013671875
-3.5 -13.375
-3.46875 -13.60888671875
-3.4375 -13.841796875
-3.40625 -14.07373046875
-3.375 -14.3046875
-3.34375 -14.53466796875
-3.3125 -14.763671875
-3.28125 -14.99169921875
-3.25 -15.21875
-3.21875 -15.44482421875
-3.1875 -15.669921875
-3.15625 -15.89404296875
-3.125 -16.1171875
-3.09375 -16.33935546875
-3.0625 -16.560546875
-3.03125 -16.78076171875
-3 -17
-2.96875 -17.18701171875
-2.9375 -17.373046875
-2.90625 -17.55810546875
-2.875 -17.7421875
-2.84375 -17.92529296875
-2.8125 -18.107421875
-2.78125 -18.28857421875
-2.75 -18.46875
-2.71875 -18.64794921875
-2.6875 -18.826171875
-2.65625 -19.00341796875
-2.625 -19.1796875
-2.59375 -19.35498046875
-2.5625 -19.529296875
-2.53125 -19.70263671875
-2.5 -19.875
-2.46875 -20.04638671875
-2.4375 -20.216796875
-2.40625 -20.38623046875
-2.375 -20.5546875
-2.34375 -20.72216796875
-2.3125 -20.888671875
-2.28125 -21.05419921875
-2.25 -21.21875
-2.21875 -21.38232421875
-2.1875 -21.544921875
-2.15625 -21.70654296875
-2.125 -21.8671875
-2.09375 -22.02685546875
-2.0625 -22.185546875
-2.03125 -22.34326171875
-2 -22.5
-1.96875 -22.62451171875
-1.9375 -22.748046875
-1.90625 -22.87060546875
-1.875 -22.9921875
-1.84375 -23.11279296875
-1.8125 -23.232421875
-1.78125 -23.35107421875
-1.75 -23.46875
-1.71875 -23.58544921875
-1.6875 -23.701171875
-1.65625 -23.81591796875
-1.625 -23.9296875
-1.59375 -24.04248046875
-1.5625 -24.154296875
-1.53125 -24.26513671875
-1.5 -24.375
-1.46875 -24.48388671875
-1.4375 -24.591796875
-1.40625 -24.69873046875
-1.375 -24.8046875
-1.34375 -24.90966796875
-1.3125 -25.013671875
-1.28125 -25.11669921875
-1.25 -25.21875
-1.21875 -25.31982421875
-1.1875 -25.419921875
-1.15625 -25.51904296875
-1.125 -25.6171875
-1.09375 -25.71435546875
-1.0625 -25.810546875
-1.03125 -25.90576171875
-1 -26
-0.96875 -26.06201171875
-0.9375 -26.123046875
-0.90625 -26.18310546875
-0.875 -26.2421875
-0.84375 -26.30029296875
-0.8125 -26.357421875
-0.78125 -26.41357421875
-0.75 -26.46875
-0.71875 -26.52294921875
-0.6875 -26.576171875
-0.65625 -26.62841796875
-0.625 -26.6796875
-0.59375 -26.72998046875
-0.5625 -26.779296875
-0.53125 -26.82763671875
-0.5 -26.875
-0.46875 -26.92138671875
-0.4375 -26.966796875
-0.40625 -27.01123046875
-0.375 -27.0546875
-0.34375 -27.09716796875
-0.3125 -27.138671875
-0.28125 -27.17919921875
-0.25 -27.21875
-0.21875 -27.25732421875
-0.1875 -27.294921875
-0.15625 -27.33154296875
-0.125 -27.3671875
-0.09375 -27.40185546875
-0.0625 -27.435546875
-0.03125 -27.46826171875
0 -27.5
0.03125 -27.49951171875
0.0625 -27.498046875
0.09375 -27.49560546875
0.125 -27.4921875
0.15625 -27.48779296875
0.1875 -27.482421875
0.21875 -27.47607421875
0.25 -27.46875
0.28125 -27.46044921875
0.3125 -27.451171875
0.34375 -27.44091796875
0.375 -27.4296875
0.40625 -27.41748046875
0.4375 -27.404296875
0.46875 -27.39013671875
0.5 -27.375
0.53125 -27.35888671875
0.5625 -27.341796875
0.59375 -27.32373046875
0.625 -27.3046875
0.65625 -27.28466796875
0.6875 -27.263671875
0.71875 -27.24169921875
0.75 -27.21875
0.78125 -27.19482421875
0.8125 -27.169921875
0.84375 -27.14404296875
0.875 -27.1171875
0.90625 -27.08935546875
0.9375 -27.060546875
0.96875 -27.03076171875
1 -27
1.03125 -26.93701171875
1.0625 -26.873046875
1.09375 -26.80810546875
1.125 -26.7421875
1.15625 -26.67529296875
1.1875 -26.607421875
1.21875 -26.53857421875
1.25 -26.46875
1.28125 -26.39794921875
1.3125 -26.326171875
1.34375 -26.25341796875
1.375 -26.1796875
1.40625 -26.10498046875
1.4375 -26.029296875
1.46875 -25.95263671875
1.5 -25.875
1.53125 -25.79638671875
1.5625 -25.716796875
1.59375 -25.63623046875
1.625 -25.5546875
1.65625 -25.47216796875
1.6875 -25.388671875
1.71875 -25.30419921875
1.75 -25.21875
1.78125 -25.13232421875
1.8125 -25.044921875
1.84375 -24.95654296875
1.875 -24.8671875
1.90625 -24.77685546875
1.9375 -24.685546875
1.96875 -24.59326171875
2 -24.5
2.03125 -24.37451171875
2.0625 -24.248046875
2.09375 -24.12060546875
2.125 -23.9921875
2.15625 -23.86279296875
2.1875 -23.732421875
2.21875 -23.60107421875
2.25 -23.46875
2.28125 -23.33544921875
2.3125 -23.201171875
2.34375 -23.06591796875
2.375 -22.9296875
2.40625 -22.79248046875
2.4375 -22.654296875
2.46875 -22.51513671875
2.5 -22.375
2.53125 -22.23388671875
2.5625 -22.091796875
2.59375 -21.94873046875
2.625 -21.8046875
2.65625 -21.65966796875
2.6875 -21.513671875
2.71875 -21.36669921875
2.75 -21.21875
2.78125 -21.06982421875
2.8125 -20.919921875
2.84375 -20.76904296875
2.875 -20.6171875
2.90625 -20.46435546875
2.9375 -20.310546875
2.96875 -20.15576171875
3 -20
3.03125 -19.81201171875
3.0625 -19.623046875
3.09375 -19.43310546875
3.125 -19.2421875
3.15625 -19.05029296875
3.1875 -18.857421875
3.21875 -18.66357421875
3.25 -18.46875
3.28125 -18.27294921875
3.3125 -18.076171875
3.34375 -17.87841796875
3.375 -17.6796875
3.40625 -17.47998046875
3.4375 -17.279296875
3.46875 -17.07763671875
3.5 -16.875
3.53125 -16.67138671875
3.5625 -16.466796875
3.59375 -16.26123046875
3.625 -16.0546875
3.65625 -15.84716796875
3.6875 -15.638671875
3.71875 -15.42919921875
3.75 -15.21875
3.78125 -15.00732421875
3.8125 -14.794921875
3.84375 -14.58154296875
3.875 -14.3671875
3.90625 -14.15185546875
3.9375 -13.935546875
3.96875 -13.71826171875
4 -13.5
4.03125 -13.24951171875
4.0625 -12.998046875
4.09375 -12.74560546875
4.125 -12.4921875
4.15625 -12.23779296875
4.1875 -11.982421875
4.21875 -11.72607421875
4.25 -11.46875
4.28125 -11.21044921875
4.3125 -10.951171875
4.34375 -10.69091796875
4.375 -10.4296875
4.40625 -10.16748046875
4.4375 -9.904296875
4.46875 -9.64013671875
4.5 -9.375
4.53125 -9.10888671875
4.5625 -8.841796875
4.59375 -8.57373046875
4.625 -8.3046875
4.65625 -8.03466796875
4.6875 -7.763671875
4.71875 -7.49169921875
4.75 -7.21875
4.78125 -6.94482421875
4.8125 -6.669921875
4.84375 -6.39404296875
4.875 -6.1171875
4.90625 -5.83935546875
4.9375 -5.560546875
4.96875 -5.28076171875
5 -5


-5 25
-4.96875 24.6884765625
-4.9375 24.37890625
-4.90625 24.0712890625
-4.875 23.765625
-4.84375 23.4619140625
-4.8125 23.16015625
-4.78125 22.8603515625
-4.75 22.5625
-4.71875 22.2666015625
-4.6875 21.97265625
-4.65625 21.6806640625
-4.625 21.390625
-4.59375 21.1025390625
-4.5625 20.81640625
-4.53125 20.5322265625
-4.5 20.25
-4.46875 19.9697265625
-4.4375 19.69140625
-4.40625 19.4150390625
-4.375 19.140625
-4.34375 18.8681640625
-4.3125 18.59765625
-4.28125 18.3291015625
-4.25 18.0625
-4.21875 17.7978515625
-4.1875 17.53515625
-4.15625 17.2744140625
-4.125 17.015625
-4.09375 16.7587890625
-4.0625 16.50390625
-4.03125 16.2509765625
-4 16
-3.96875 15.7509765625
-3.9375 15.50390625
-3.90625 15.2587890625
-3.875 15.015625
-3.84375 14.7744140625
-3.8125 14.53515625
-3.78125 14.2978515625
-3.75 14.0625
-3.71875 13.8291015625
-3.6875 13.59765625
-3.65625 13.3681640625
-3.625 13.140625
-3.59375 12.9150390625
-3.5625 12.69140625
-3.53125 12.4697265625
-3.5 12.25
-3.46875 12.0322265625
-3.4375 11.81640625
-3.40625 11.6025390625
-3.375 11.390625
-3.34375 11.1806640625
-3.3125 10.97265625
-3.28125 10.7666015625
-3.25 10.5625
-3.21875 10.3603515625
-3.1875 10.16015625
-3.15625 9.9619140625
-3.125 9.765625
-3.09375 9.5712890625
-3.0625 9.37890625
-3.03125 9.1884765625
-3 9
-2.96875 8.8134765625
-2.9375 8.62890625
-2.90625 8.4462890625
-2.875 8.265625
-2.84375 8.0869140625
-2.8125 7.91015625
-2.78125 7.7353515625
-2.75 7.5625
-2.71875 7.3916015625
-2.6875 7.22265625
-2.65625 7.0556640625
-2.625 6.890625
-2.59375 6.7275390625
-2.5625 6.56640625
-2.53125 6.4072265625
-2.5 6.25
-2.46875 6.0947265625
-2.4375 5.94140625
-2.40625 5.7900390625
-2.375 5.640625
-2.34375 5.4931640625
-2.3125 5.34765625
-2.28125 5.2041015625
-2.25 5.0625
-2.21875 4.9228515625
-2.1875 4.78515625
-2.15625 4.6494140625
-2.125 4.515625
-2.09375 4.3837890625
-2.0625 4.25390625
-2.03125 4.1259765625
-2 4
-1.96875 3.8759765625
-1.9375 3.75390625
-1.90625 3.6337890625
-1.875 3.515625
-1.84375 3.3994140625
-1.8125 3.28515625
-1.78125 3.1728515625
-1.75 3.0625
-1.71875 2.9541015625
-1.6875 2.84765625
-1.65625 2.7431640625
-1.625 2.640625
-1.59375 2.5400390625
-1.5625 2.44140625
-1.53125 2.3447265625
-1.5 2.25
-1.46875 2.1572265625
-1.4375 2.06640625
-1.40625 1.9775390625
-1.375 1.890625
-1.34375 1.8056640625
-1.3125 1.72265625
-1.28125 1.6416015625
-1.25 1.5625
-1.21875 1.4853515625
-1.1875 1.41015625
-1.15625 1.3369140625
-1.125 1.265625
-1.09375 1.1962890625
-1.0625 1.12890625
-1.03125 1.0634765625
-1 1
-0.96875 0.9384765625
-0.9375 0.87890625
-0.90625 0.8212890625
-0.875 0.765625
-0.84375 0.7119140625
-0.8125 0.66015625
-0.78125 0.6103515625
-0.75 0.5625
-0.71875 0.5166015625
-0.6875 0.47265625
-0.65625 0.4306640625
-0.625 0.390625
-0.59375 0.3525390625
-0.5625 0.31640625
-0.53125 0.2822265625
-0.5 0.25
-0.46875 0.2197265625
-0.4375 0.19140625
-0.40625 0.1650390625
-0.375 0.140625
-0.34375 0.1181640625
-0.3125 0.09765625
-0.28125 0.0791015625
-0.25 0.0625
-0.21875 0.0478515625
-0.1875 0.03515625
-0.15625 0.0244140625
-0.125 0.015625
-0.09375 0.0087890625
-0.0625 0.00390625
-0.03125 0.0009765625
0 0
0.03125 0.0009765625
0.0625 0.00390625
0.09375 0.0087890625
0.125 0.015625
0.15625 0.0244140625
0.1875 0.03515625
0.21875 0.0478515625
0.25 0.0625
0.28125 0.0791015625
0.3125 0.09765625
0.34375 0.1181640625
0.375 0.140625
0.40625 0.1650390625
0.4375 0.19140625
0.46875 0.2197265625
0.5 0.25
0.53125 0.2822265625
0.5625 0.31640625
0.59375 0.3525390625
0.625 0.390625
0.65625 0.4306640625
0.6875 0.47265625
0.71875 0.5166015625
0.75 0.5625
0.78125 0.6103515625
0.8125 0.66015625
0.84375 0.7119140625
0.875 0.765625
0.90625 0.8212890625
0.9375 0.87890625
0.96875 0.9384765625
1 1
1.03125 1.0634765625
1.0625 1.12890625
1.09375 1.1962890625
1.125 1.265625
1.15625 1.3369140625
1.1875 1.41015625
1.21875 1.4853515625
1.25 1.5625
1.28125 1.6416015625
1.3125 1.72265625
1.34375 1.8056640625
1.375 1.890625
1.40625 1.9775390625
1.4375 2.06640625
1.46875 2.1572265625
1.5 2.25
1.53125 2.3447265625
1.5625 2.44140625
1.59375 2.5400390625
1.625 2.640625
1.65625 2.7431640625
1.6875 2.84765625
1.71875 2.9541015625
1.75 3.0625
1.78125 3.1728515625
1.8125 3.28515625
1.84375 3.3994140625
1.875 3.515625
1.90625 3.6337890625
1.9375 3.75390625
1.96875 3.8759765625
2 4
2.03125 4.1259765625
2.0625 4.25390625
2.09375 4.3837890625
2.125 4.515625
2.15625 4.6494140625
2.1875 4.78515625
2.21875 4.9228515625
2.25 5.0625
2.28125 5.2041015625
2.3125 5.34765625
2.34375 5.4931640625
2.375 5.640625
2.40625 5.7900390625
2.4375 5.94140625
2.46875 6.0947265625
2.5 6.25
2.53125 6.4072265625
2.5625 6.56640625
2.59375 6.7275390625
2.625 6.890625
2.65625 7.0556640625
2.6875 7.22265625
2.71875 7.3916015625
2.75 7.5625
2.78125 7.7353515625
2.8125 7.91015625
2.84375 8.0869140625
2.875 8.265625
2.90625 8.4462890625
2.9375 8.62890625
2.96875 8.8134765625
3 9
3.03125 9.1884765625
3.0625 9.37890625
3.09375 9.5712890625
3.125 9.765625
3.15625 9.9619140625
3.1875 10.16015625
3.21875 10.3603515625
3.25 10.5625
3.28125 10.7666015625
3.3125 10.97265625
3.34375 11.1806640625
3.375 11.390625
3.40625 11.6025390625
3.4375 11.81640625
3.46875 12.0322265625
3.5 12.25
3.53125 12.4697265625
3.5625 12.69140625
3.59375 12.9150390625
3.625 13.140625
3.65625 13.3681640625
3.6875 13.59765625
3.71875 13.8291015625
3.75 14.0625
3.78125 14.2978515625
3.8125 14.53515625
3.84375 14.7744140625
3.875 15.015625
3.90625 15.2587890625
3.9375 15.50390625
3.96875 15.7509765625
4 16
4.03125 16.2509765625
4.0625 16.50390625
4.09375 16.7587890625
4.125 17.015625
4.15625 17.2744140625
4.1875 17.53515625
4.21875 17.7978515625
4.25 18.0625
4.28125 18.3291015625
4.3125 18.59765625
4.34375 18.8681640625
4.375 19.140625
4.40625 19.4150390625
4.4375 19.69140625
4.46875 19.9697265625
4.5 20.25
4.53125 20.5322265625
4.5625 20.81640625
4.59375 21.1025390625
4.625 21.390625
4.65625 21.6806640625
4.6875 21.97265625
4.71875 22.2666015625
4.75 22.5625
4.78125 22.8603515625
4.8125 23.16015625
4.84375 23.4619140625
4.875 23.765625
4.90625 24.0712890625
4.9375 24.37890625
4.96875 24.6884765625
5 25


-5 -10
-4.96875 -9.9375
-4.9375 -9.875
-4.90625 -9.8125
-4.875 -9.75
-4.84375 -9.6875
-4.8125 -9.625
-4.78125 -9.5625
-4.75 -9.5
-4.71875 -9.4375
-4.6875 -9.375
-4.65625 -9.3125
-4.625 -9.25
-4.59375 -9.1875
-4.5625 -9.125
-4.53125 -9.0625
-4.5 -9
-4.46875 -8.9375
-4.4375 -8.875
-4.40625 -8.8125
-4.375 -8.75
-4.34375 -8.6875
-4.3125 -8.625
-4.28125 -8.5625
-4.25 -8.5
-4.21875 -8.4375
-4.1875 -8.375
-4.15625 -8.3125
-4.125 -8.25
-4.09375 -8.1875
-4.0625 -8.125
-4.03125 -8.0625
-4 -8
-3.96875 -7.9375
-3.9375 -7.875
-3.90625 -7.8125
-3.875 -7.75
-3.84375 -7.6875
-3.8125 -7.625
-3.78125 -7.5625
-3.75 -7.5
-3.71875 -7.4375
-3.6875 -7.375
-3.65625 -7.3125
-3.625 -7.25
-3.59375 -7.1875
-3.5625 -7.125
-3.53125 -7.0625
-3.5 -7
-3.46875 -6.9375
-3.4375 -6.875
-3.40625 -6.8125
-3.375 -6.75
-3.34375 -6.6875
-3.3125 -6.625
-3.28125 -6.5625
-3.25 -6.5
-3.21875 -6.4375
-3.1875 -6.375
-3.15625 -6.3125
-3.125 -6.25
-3.09375 -6.1875
-3.0625 -6.125
-3.03125 -6.0625
-3 -6
-2.96875 -5.9375
-2.9375 -5.875
-2.90625 -5.8125
-2.875 -5.75
-2.84375 -5.6875
-2.8125 -5.625
-2.78125 -5.5625
-2.75 -5.5
-2.71875 -5.4375
-2.6875 -5.375
-2.65625 -5.3125
-2.625 -5.25
-2.59375 -5.1875
-2.5625 -5.125
-2.53125 -5.0625
-2.5 -5
-2.46875 -4.9375
-2.4375 -4.875
-2.40625 -4.8125
-2.375 -4.75
-2.34375 -4.6875
-2.3125 -4.625
-2.28125 -4.5625
-2.25 -4.5
-2.21875 -4.4375
-2.1875 -4.375
-2.15625 -4.3125
-2.125 -4.25
-2.09375 -4.1875
-2.0625 -4.125
-2.03125 -4.0625
-2 -4
-1.96875 -3.9375
-1.9375 -3.875
-1.90625 -3.8125
-1.875 -3.75
-1.84375 -3.6875
-1.8125 -3.625
-1.78125 -3.5625
-1.75 -3.5
-1.71875 -3.4375
-1.6875 -3.375
-1.65625 -3.3125
-1.625 -3.25
-1.59375 -3.1875
-1.5625 -3.125
-1.53125 -3.0625
-1.5 -3
-1.46875 -2.9375
-1.4375 -2.875
-1.40625 -2.8125
-1.375 -2.75
-1.34375 -2.6875
-1.3125 -2.625
-1.28125 -2.5625
-1.25 -2.5
-1.21875 -2.4375
-1.1875 -2.375
-1.15625 -2.3125
-1.125 -2.25
-1.09375 -2.1875
-1.0625 -2.125
-1.03125 -2.0625
-1 -2
-0.96875 -1.9375
-0.9375 -1.875
-0.90625 -1.8125
-0.875 -1.75
-0.84375 -1.6875
-0.8125 -1.625
-0.78125 -1.5625
-0.75 -1.5
-0.71875 -1.4375
-0.6875 -1.375
-0.65625 -1.3125
-0.625 -1.25
-0.59375 -1.1875
-0.5625 -1.125
-0.53125 -1.0625
-0.5 -1
-0.46875 -0.9375
-0.4375 -0.875
-0.40625 -0.8125
-0.375 -0.75
-0.34375 -0.6875
-0.3125 -0.625
-0.28125 -0.5625
-0.25 -0.5
-0.21875 -0.4375
-0.1875 -0.375
-0.15625 -0.3125
-0.125 -0.25
-0.09375 -0.1875
-0.0625 -0.125
-0.03125 -0.0625
0 0
0.03125 0.0625
0.0625 0.125
0.09375 0.1875
0.125 0.25
0.15625 0.3125
0.1875 0.375
0.21875 0.4375
0.25 0.5
0.28125 0.5625
0.3125 0.625
0.34375 0.6875
0.375 0.75
0.40625 0.8125
0.4375 0.875
0.46875 0.9375
0.5 1
0.53125 1.0625
0.5625 1.125
0.59375 1.1875
0.625 1.25
0.65625 1.3125
0.6875 1.375
0.71875 1.4375
0.75 1.5
0.78125 1.5625
0.8125 1.625
0.84375 1.6875
0.875 1.75
0.90625 1.8125
0.9375 1.875
0.96875 1.9375
1 2
1.03125 2.0625
1.0625 2.125
1.09375 2.1875
1.125 2.25
1.15625 2.3125
1.1875 2.375
1.21875 2.4375
1.25 2.5
1.28125 2.5625
1.3125 2.625
1.34375 2.6875
1.375 2.75
1.40625 2.8125
1.4375 2.875
1.46875 2.9375
1.5 3
1.53125 3.0625
1.5625 3.125
1.59375 3.1875
1.625 3.25
1.65625 3.3125
1.6875 3.375
1.71875 3.4375
1.75 3.5
1.78125 3.5625
1.8125 3.625
1.84375 3.6875
1.875 3.75
1.90625 3.8125
1.9375 3.875
1.96875 3.9375
2 4
2.03125 4.0625
2.0625 4.125
2.09375 4.1875
2.125 4.25
2.15625 4.3125
2.1875 4.375
2.21875 4.4375
2.25 4.5
2.28125 4.5625
2.3125 4.625
2.34375 4.6875
2.375 4.75
2.40625 4.8125
2.4375 4.875
2.46875 4.9375
2.5 5
2.53125 5.0625
2.5625 5.125
2.59375 5.1875
2.625 5.25
2.65625 5.3125
2.6875 5.375
2.71875 5.4375
2.75 5.5
2.78125 5.5625
2.8125 5.625
2.84375 5.6875
2.875 5.75
2.90625 5.8125
2.9375 5.875
2.96875 5.9375
3 6
3.03125 6.0625
3.0625 6.125
3.09375 6.1875
3.125 6.25
3.15625 6.3125
3.1875 6.375
3.21875 6.4375
3.25 6.5
3.28125 6.5625
3.3125 6.625
3.34375 6.6875
3.375 6.75
3.40625 6.8125
3.4375 6.875
3.46875 6.9375
3.5 7
3.53125 7.0625
3.5625 7.125
3.59375 7.1875
3.625 7.25
3.65625 7.3125
3.6875 7.375
3.71875 7.4375
3.75 7.5
3.78125 7.5625
3.8125 7.625
3.84375 7.6875
3.875 7.75
3.90625 7.8125
3.9375 7.875
3.96875 7.9375
4 8
4.03125 8.0625
4.0625 8.125
4.09375 8.1875
4.125 8.25
4.15625 8.3125
4.1875 8.375
4.21875 8.4375
4.25 8.5
4.28125 8.5625
4.3125 8.625
4.34375 8.6875
4.375 8.75
4.40625 8.8125
4.4375 8.875
4.46875 8.9375
4.5 9
4.53125 9.0625
4.5625 9.125
4.59375 9.1875
4.625 9.25
4.65625 9.3125
4.6875 9.375
4.71875 9.4375
4.75 9.5
4.78125 9.5625
4.8125 9.625
4.84375 9.6875
4.875 9.75
4.90625 9.8125
4.9375 9.875
4.96875 9.9375
5 10


-5 0
-4.96875 3.11524454752604
-4.9375 6.21101888020833
-4.90625 9.28738403320313
-4.875 12.3444010416667
-4.84375 15.3821309407552
-4.8125 18.400634765625
-4.78125 21.3999735514323
-4.75 24.3802083333333
-4.71875 27.3414001464844
-4.6875 30.2836100260417
-4.65625 33.2068990071615
-4.625 36.111328125
-4.59375 38.9969584147135
-4.5625 41.8638509114583
-4.53125 44.7120666503906
-4.5 47.5416666666667
-4.46875 50.3527119954427
-4.4375 53.145263671875
-4.40625 55.9193827311198
-4.375 58.6751302083333
-4.34375 61.4125671386719
-4.3125 64.1317545572917
-4.28125 66.832753499349
-4.25 69.515625
-4.21875 72.180430094401
-4.1875 74.8272298177083
-4.15625 77.4560852050781
-4.125 80.0670572916667
-4.09375 82.6602071126302
-4.0625 85.235595703125
-4.03125 87.7932840983073
-4 90.3333333333333
-3.96875 92.3255310058594
-3.9375 94.3021647135417
-3.90625 96.2632954915365
-3.875 98.208984375
-3.84375 100.139292399089
-3.8125 102.054280598958
-3.78125 103.954010009766
-3.75 105.838541666667
-3.71875 107.707936604818
-3.6875 109.562255859375
-3.65625 111.401560465495
-3.625 113.225911458333
-3.59375 115.035369873047
-3.5625 116.829996744792
-3.53125 118.609853108724
-3.5 120.375
-3.46875 122.125498453776
-3.4375 123.861409505208
-3.40625 125.582794189453
-3.375 127.289713541667
-3.34375 128.982228597005
-3.3125 130.660400390625
-3.28125 132.324289957682
-3.25 133.973958333333
-3.21875 135.609466552734
-3.1875 137.230875651042
-3.15625 138.838246663411
-3.125 140.431640625
-3.09375 142.011118570964
-3.0625 143.576741536458
-3.03125 145.128570556641
-3 146.666666666667
-2.96875 147.785817464193
-2.9375 148.893310546875
-2.90625 149.98920694987
-2.875 151.073567708333
-2.84375 152.146453857422
-2.8125 153.207926432292
-2.78125 154.258046468099
-2.75 155.296875
-2.71875 156.324473063151
-2.6875 157.340901692708
-2.65625 158.346221923828
-2.625 159.340494791667
-2.59375 160.32378133138
-2.5625 161.296142578125
-2.53125 162.257639567057
-2.5 163.208333333333
-2.46875 164.148284912109
-2.4375 165.077555338542
-2.40625 165.996205647786
-2.375 166.904296875
-2.34375 167.801890055339
-2.3125 168.689046223958
-2.28125 169.565826416016
-2.25 170.432291666667
-2.21875 171.288503011068
-2.1875 172.134521484375
-2.15625 172.970408121745
-2.125 173.796223958333
-2.09375 174.612030029297
-2.0625 175.417887369792
-2.03125 176.213857014974
-2 177
-1.96875 177.496103922526
-1.9375 177.984456380208
-1.90625 178.465118408203
-1.875 178.938151041667
-1.84375 179.403615315755
-1.8125 179.861572265625
-1.78125 180.312082926432
-1.75 180.755208333333
-1.71875 181.191009521484
-1.6875 181.619547526042
-1.65625 182.040883382161
-1.625 182.455078125
-1.59375 182.862192789714
-1.5625 183.262288411458
-1.53125 183.655426025391
-1.5 184.041666666667
-1.46875 184.421071370443
-1.4375 184.793701171875
-1.40625 185.15961710612
-1.375 185.518880208333
-1.34375 185.871551513672
-1.3125 186.217692057292
-1.28125 186.557362874349
-1.25 186.890625
-1.21875 187.217539469401
-1.1875 187.538167317708
-1.15625 187.852569580078
-1.125 188.160807291667
-1.09375 188.46294148763
-1.0625 188.759033203125
-1.03125 189.049143473307
-1 189.333333333333
-0.96875 189.456390380859
-0.9375 189.575602213542
-0.90625 189.691029866536
-0.875 189.802734375
-0.84375 189.910776774089
-0.8125 190.015218098958
-0.78125 190.116119384766
-0.75 190.213541666667
-0.71875 190.307545979818
-0.6875 190.398193359375
-0.65625 190.485544840495
-0.625 190.569661458333
-0.59375 190.650604248047
-0.5625 190.728434244792
-0.53125 190.803212483724
-0.5 190.875
-0.46875 190.943857828776
-0.4375 191.009847005208
-0.40625 191.073028564453
-0.375 191.133463541667
-0.34375 191.191212972005
-0.3125 191.246337890625
-0.28125 191.298899332682
-0.25 191.348958333333
-0.21875 191.396575927734
-0.1875 191.441813151042
-0.15625 191.484731038411
-0.125 191.525390625
-0.09375 191.563852945964
-0.0625 191.600179036458
-0.03125 191.634429931641
0 191.666666666667
0.03125 191.666676839193
0.0625 191.666748046875
0.09375 191.66694132487
0.125 191.667317708333
0.15625 191.667938232422
0.1875 191.668863932292
0.21875 191.670155843099
0.25 191.671875
0.28125 191.674082438151
0.3125 191.676839192708
0.34375 191.680206298828
0.375 191.684244791667
0.40625 191.68901570638
0.4375 191.694580078125
0.46875 191.700998942057
0.5 191.708333333333
0.53125 191.716644287109
0.5625 191.725992838542
0.59375 191.736440022786
0.625 191.748046875
0.65625 191.760874430339
0.6875 191.774983723958
0.71875 191.790435791016
0.75 191.807291666667
0.78125 191.825612386068
0.8125 191.845458984375
0.84375 191.866892496745
0.875 191.889973958333
0.90625 191.914764404297
0.9375 191.941324869792
0.96875 191.969716389974
1 192
1.03125 192.126963297526
1.0625 192.257893880208
1.09375 192.392852783203
1.125 192.531901041667
1.15625 192.675099690755
1.1875 192.822509765625
1.21875 192.974192301432
1.25 193.130208333333
1.28125 193.290618896484
1.3125 193.455485026042
1.34375 193.624867757161
1.375 193.798828125
1.40625 193.977427164714
1.4375 194.160725911458
1.46875 194.348785400391
1.5 194.541666666667
1.53125 194.739430745443
1.5625 194.942138671875
1.59375 195.14985148112
1.625 195.362630208333
1.65625 195.580535888672
1.6875 195.803629557292
1.71875 196.031972249349
1.75 196.265625
1.78125 196.504648844401
1.8125 196.749104817708
1.84375 196.999053955078
1.875 197.254557291667
1.90625 197.51567586263
1.9375 197.782470703125
1.96875 198.055002848307
2 198.333333333333
2.03125 198.837249755859
2.0625 199.349039713542
2.09375 199.868764241536
2.125 200.396484375
2.15625 200.932261149089
2.1875 201.476155598958
2.21875 202.028228759766
2.25 202.588541666667
2.28125 203.157155354818
2.3125 203.734130859375
2.34375 204.319529215495
2.375 204.913411458333
2.40625 205.515838623047
2.4375 206.126871744792
2.46875 206.746571858724
2.5 207.375
2.53125 208.012217203776
2.5625 208.658284505208
2.59375 209.313262939453
2.625 209.977213541667
2.65625 210.650197347005
2.6875 211.332275390625
2.71875 212.023508707682
2.75 212.723958333333
2.78125 213.433685302734
2.8125 214.152750651042
2.84375 214.881215413411
2.875 215.619140625
2.90625 216.366587320964
2.9375 217.123616536458
2.96875 217.890289306641
3 218.666666666667
3.03125 219.797536214193
3.0625 220.940185546875
3.09375 222.09467569987
3.125 223.261067708333
3.15625 224.439422607422
3.1875 225.629801432292
3.21875 226.832265218099
3.25 228.046875
3.28125 229.273691813151
3.3125 230.512776692708
3.34375 231.764190673828
3.375 233.027994791667
3.40625 234.30425008138
3.4375 235.593017578125
3.46875 236.894358317057
3.5 238.208333333333
3.53125 239.535003662109
3.5625 240.874430338542
3.59375 242.226674397786
3.625 243.591796875
3.65625 244.969858805339
3.6875 246.360921223958
3.71875 247.765045166016
3.75 249.182291666667
3.78125 250.612721761068
3.8125 252.056396484375
3.84375 253.513376871745
3.875 254.983723958333
3.90625 256.467498779297
3.9375 257.964762369792
3.96875 259.475575764974
4 261
4.03125 263.007822672526
4.0625 265.031331380208
4.09375 267.070587158203
4.125 269.125651041667
4.15625 271.196584065755
4.1875 273.283447265625
4.21875 275.386301676432
4.25 277.505208333333
4.28125 279.640228271484
4.3125 281.791422526042
4.34375 283.958852132161
4.375 286.142578125
4.40625 288.342661539714
4.4375 290.559163411458
4.46875 292.792144775391
4.5 295.041666666667
4.53125 297.307790120443
4.5625 299.590576171875
4.59375 301.89008585612
4.625 304.206380208333
4.65625 306.539520263672
4.6875 308.889567057292
4.71875 311.256581624349
4.75 313.640625
4.78125 316.041758219401
4.8125 318.460042317708
4.84375 320.895538330078
4.875 323.348307291667
4.90625 325.81841023763
4.9375 328.305908203125
4.96875 330.810862223307
5 333.333333333333
