5 -2.00704093756632 -2.94720114318992
10 -2.88216457487921 -3.24717158475732
15 -3.02676665756458 -4.35989075729714
25 -3.07868336809006 -4.3897185649121
40 -3.50944846359835 -3.78378938430158
50 -3.46695691169351 -3.37033056317718
80 -3.67742346276603 -4.07731184075591
100 -3.73178983209088 -5.02730794342825
500 -4.57318700278668 -5.71370799341963
1000 -4.93035884952836 -6.62991991688113
2000 -5.28193138397995 -6.85610387934572
5000 -5.75922078511138 -7.21989519226714
8000 -6.00336233886259 -7.7127655587022
10000 -6.09729102879725 -8.06246094391523
15000 -6.33172035984817 -8.78771435876271
20000 -6.46704043502579 -8.69323101307907
25000 -6.58007307117082 -9.24167864829026
30000 -6.66926751616757 -9.4511220991699
40000 -6.81306193196175 -9.54230674271267
50000 -6.92471162169754 -9.8578591066678
60000 -7.00991923191769 -10.3964499528912
80000 -7.15772205063985 -9.87702988776429
100000 -7.26929799067304 -10.2312658052668
