0.01 3.04256654884609 0.0947892979232518
0.03 3.04435951444633 0.084545535941484
0.0678955178868071 3.0472044391345 0.0657193085194644
0.106059290217344 3.04936133395073 0.0474117115284556
0.144768577096214 3.05084591326033 0.029369101068977
0.18394822626942 3.05164556563515 0.0115058318620552
0.223563232232359 3.05174822229092 -0.00629037631244387
0.263560826575939 3.05113964811411 -0.0241306403330036
0.303878408639242 3.04980424384389 -0.0421280747361005
0.344442869310006 3.04772561061572 -0.0603964490282012
0.385172199708306 3.04488715145933 -0.0790493745928143
0.425977910058569 3.0412726009247 -0.0981994309974046
0.466768305968289 3.03686639261119 -0.117957427538826
0.507452218612942 3.03165380084077 -0.13843186211798
0.547942693992398 3.02562083842427 -0.159728611460117
0.5881601359812 3.01875394760005 -0.181950828825656
0.628034565837003 3.01103955742497 -0.205199003382407
0.6675068420274 3.00246359988032 -0.229571104897167
0.706528936762818 2.9930110573229 -0.255162771083827
0.745063457716084 2.98266559450662 -0.282067488798405
0.783082688840711 2.97140929189346 -0.310376759896614
0.820567363513091 2.95922248473207 -0.340180226634699
0.857505395684098 2.94608368007053 -0.371565785990494
0.893890640121894 2.93196954579571 -0.404619655708404
0.929721795175203 2.91685493679621 -0.439426427556295
0.965001444868013 2.90071295116942 -0.476069081349224
0.999735281531505 2.88351498636437 -0.514628995687574
1.03393144834304 2.86523080601609 -0.555185905228044
1.06760003651147 2.84582858600087 -0.597817857301299
1.10075268458508 2.8252749482644 -0.642601134349191
1.13340228755914 2.80353496254151 -0.689610175703958
1.16556276933694 2.78057212870994 -0.738917462331348
1.197248942278 2.75634831071619 -0.790593420017359
1.2284764094035 2.73082363729338 -0.844706299950436
1.25926153242505 2.7039563388409 -0.901322093281968
1.28962142550418 2.67570253731471 -0.960504432715521
1.3195740219807 2.64601593232188 -1.02231458684852
1.3491381477352 2.61484742421884 -1.08681144299502
1.37833366849804 2.58214459134657 -1.15405162786533
1.40718165425211 2.54785105267891 -1.22408966886888
1.4357046474407 2.51190558874795 -1.29697841474449
1.46392693242117 2.47424110011208 -1.37276949501837
1.49187494942249 2.43478318262976 -1.45151418924187
1.51957777339717 2.39344834758601 -1.53326453755308
1.54706777015962 2.35014164704178 -1.6180750197576
1.5743814399996 2.30475355600604 -1.70600487492039
1.60156055255066 2.25715577389194 -1.79712140423251
1.62865372001641 2.20719543318806 -1.89150476934888
1.6557186266314 2.15468692393688 -1.98925505969794
1.68282530347025 2.09939997036544 -2.09050301977392
1.71006114950693 2.04104152376536 -2.19542698714583
1.73753903378913 1.97922685715249 -2.3042809841529
1.76541116356947 1.91343057265567 -2.41744404199756
1.79389483963749 1.8428965669197 -2.53551403972758
1.82332551592579 1.76645426021769 -2.6595053258971
1.85428322369022 1.68208412314487 -2.79132854437987
1.88796184491421 1.58565265195768 -2.93520954216823
1.9273088658563 1.46687189144473 -3.10194362815448
1.95746467630767 1.37143558815699 -3.22708389998711
1.98520759682595 1.28034763446931 -3.33884949443796
2.01134554480382 1.19174395586554 -3.44010311849374
2.03636683108317 1.10450338294702 -3.53236321366665
2.0615412498782 1.01446731869852 -3.61960191859104
2.08575682731092 0.925862447916946 -3.69731546069264
2.10937590697273 0.837705436910282 -3.766411703558
2.13257432415388 0.749612589742576 -3.82706481984109
2.15550153756485 0.661254714696524 -3.87928578540366
2.17828573215519 0.572354818137743 -3.92294231375053
2.20104413489375 0.482661313195539 -3.95778705416892
2.22388901433949 0.391934667555098 -3.98346712473841
2.24693153184623 0.299941234528236 -3.99952452738476
2.2702831932743 0.206456555504986 -4.00539220445563
2.29405331123941 0.111285257174651 -4.00039369445783
2.31833849888591 0.0143132981970269 -3.98376409188145
2.34319794153594 -0.0843849893275638 -3.95472985006041
2.36861132296862 -0.184380116842927 -3.9127027270233
2.39444181624869 -0.284761691347223 -3.85758668809661
2.42046547580082 -0.384296119038692 -3.78998170961824
2.44648390968787 -0.481901677660569 -3.71098396100909
2.4724125081409 -0.576987025358946 -3.62173902432023
2.49827627268859 -0.669403616345791 -3.52316472271366
2.52416793690706 -0.759253025772257 -3.41589881170891
2.55021706785851 -0.846744515123284 -3.30032892466363
2.57657688298298 -0.932123905221913 -3.17662223112495
2.60342352961323 -1.01564724435847 -3.04473032469085
2.63096446525629 -1.09757951501279 -2.90436022634302
2.6594559759989 -1.17820886576262 -2.75490057517425
2.68923392149563 -1.25787475401597 -2.59527890123668
2.7207646492297 -1.33700632727073 -2.42371642647199
2.75470310204264 -1.41610584199234 -2.23746659305813
2.79168267997362 -1.49508526867493 -2.03408385774677
2.82813448309211 -1.56558757714495 -1.834381705496
2.86239228353545 -1.6252361233821 -1.64826011078163
2.89694329730463 -1.67897222271922 -1.46266998298785
2.92990160099734 -1.72429397968712 -1.28798080604731
2.96205397741927 -1.76299801256253 -1.11996083469152
2.99372812888079 -1.79588196428894 -0.956824836958154
3.02515472853588 -1.82343884077237 -0.797284419396672
3.05649890795566 -1.84596439626351 -0.64037799241667
3.08788814441214 -1.86362662645957 -0.485322923616801
3.11942528667797 -1.87650116094054 -0.331447140613527
3.15119576731555 -1.88459200339578 -0.178151935198801
3.18327147156269 -1.88784468865564 -0.0248928928595127
3.21571285826695 -1.88615563311916 0.128829003031557
3.24857042384932 -1.87937950392799 0.28347101971753
3.28188663433022 -1.8673350340182 0.439451794518407
3.31569964874395 -1.8498081752246 0.597159385035475
3.35005049153782 -1.8265495065201 0.756971262716841
3.38499562465287 -1.79726027137486 0.91929467375384
3.42062744435397 -1.76155792835534 1.08463815007701
3.45710638899443 -1.71890665791308 1.25372870520244
3.49470944966819 -1.66849042039177 1.42768939505406
3.53388561353623 -1.60901972502714 1.60821370886765
3.57512346660993 -1.53880537516679 1.79680556315668
3.61388676561049 -1.46575365269202 1.97186883652155
3.64877735156917 -1.39424404690722 2.12669224550401
3.68100711673439 -1.32343859041339 2.26651324736136
3.71129789299433 -1.25283894253946 2.39429057511379
3.7401107850891 -1.18214955045415 2.51177050317274
3.76912574667996 -1.10761174171034 2.62523584549823
3.79678120580438 -1.03357498966106 2.72805094087223
3.82348612314487 -0.959459930607857 2.82161675972881
3.8494354415404 -0.88512668462082 2.9064306002287
3.87479087345876 -0.810450272821685 2.98281286907543
3.89968455826285 -0.735334451444755 3.05093101965019
3.92422915744879 -0.659700023721715 3.11084218918256
3.94852372008827 -0.583479887685577 3.16251743912225
3.97265766284858 -0.506616414922372 3.20585749526662
3.99671346121177 -0.429060723262101 3.24070327121926
4.02076842119528 -0.350773563198676 3.26684350398589
4.04489568473614 -0.271727885335951 3.28402124537157
4.06916446320263 -0.191913443417725 3.29194086981906
4.09363955604097 -0.111343384048293 3.29027752212257
4.11838005983494 -0.0300630613634339 3.27869097054628
4.14343751115982 0.0518400222406857 3.25684570609134
4.16885399584437 0.134227382493648 3.22443761982586
4.1946613717462 0.21690603239621 3.18122419366844
4.22088316701762 0.299635305715156 3.12705001294337
4.24754048767126 0.382147176813273 3.06185516065815
4.27466191146401 0.464177477274983 2.98565539951944
4.30229581104053 0.545499689918111 2.89849107817616
4.3305233028576 0.625952314167712 2.80035039184268
4.3594719772262 0.70545693849614 2.69107231989749
4.38933402913621 0.784032664689004 2.57022127940737
4.42039782519411 0.86182128070609 2.43689590291197
4.45311369776528 0.939151344786559 2.28936891597358
4.48825373156764 1.01671675236665 2.12425062177435
4.52738717776112 1.09614285877015 1.93403041272246
4.57453377819346 1.18179579194071 1.69849810745624
4.61312653989671 1.24356731748134 1.50231928365159
4.64964135631966 1.29500953171755 1.31510897457226
4.68653819405126 1.34003117506427 1.1252431558016
4.72197397972132 1.3766731640954 0.942876581465524
4.75694246734262 1.40650366873274 0.763366689391007
4.79186041571739 1.43004047385314 0.584909845905909
4.82707084115265 1.44748256070074 0.406019619055406
4.86287625988158 1.45878247655963 0.225395061913974
4.89957802858377 1.46367999185507 0.0417511512093328
4.93750376404105 1.46169195779096 -0.146285509523296
4.9770444553205 1.45206468152624 -0.340314264890894
5.01873414544869 1.43365411946082 -0.54247217059702
5.0634790220119 1.40458306987337 -0.756379293504528
5.11338510671579 1.36096917242446 -0.990634439284702
5.16241073451383 1.30686872604466 -1.21541602742185
5.20348899267043 1.25315834989738 -1.3987706051001
5.24073669345503 1.19803453422794 -1.56025091366805
5.27526572850409 1.14164507803099 -1.70511291562698
5.30776848182507 1.08407497958374 -1.83649526372693
5.33869771603909 1.02540632112272 -1.95633932457079
5.36983383585211 0.962689812243763 -2.07116183945671
5.39950814116085 0.899681252642238 -2.17445527257731
5.42813014188471 0.836093254115379 -2.26774836569103
5.45589713191274 0.771943597654454 -2.35169449946304
5.48297178144128 0.707240370777384 -2.42675946050582
5.5094857002005 0.642000070044598 -2.49325298050881
5.53554903844225 0.576244069526236 -2.55137442679107
5.56125614753765 0.509998342972833 -2.60124113141152
5.58668947002169 0.443293735297123 -2.64290839091003
5.61192229359919 0.376166571606439 -2.67638427840673
5.63702073488679 0.308659523495507 -2.70164115251452
5.66204523860785 0.24082252973893 -2.71862511037786
5.68705176458593 0.172713665680136 -2.72726407447039
5.71209282882814 0.104399752354534 -2.72747487105801
5.73721846517444 0.0359567028923847 -2.71916933840412
5.76247725368633 -0.032530637371945 -2.70225931163823
5.78791751868215 -0.100969272535871 -2.67666004206347
5.8135886985362 -0.169259261590563 -2.6422915600972
5.83954299802872 -0.237295386540731 -2.59907739996953
5.86583726842166 -0.304968807798215 -2.54694032730572
5.8925349989001 -0.372168030709172 -2.48579519951491
5.91970818960043 -0.43877823598341 -2.41553988418064
5.9474383998368 -0.504677023720597 -2.33604727176572
5.97581542433867 -0.569723253331716 -2.24716566503771
6.00492985855617 -0.633732376164995 -2.14874510178283
6.03485150006835 -0.696426723977599 -2.04072845713369
6.06558006339572 -0.757347948335427 -1.92337658314406
6.09696285458136 -0.815750747987432 -1.79767266523606
6.12863665249266 -0.870611868024333 -1.66567146353134
6.16013087141864 -0.920946676985756 -1.53012864211176
6.19110318213453 -0.966228784746404 -1.39340017929511
6.22143816592888 -1.00643202991804 -1.25683107704037
6.25116922895645 -1.04178379188275 -1.1209848301094
6.28038720054536 -1.07256812108345 -0.986030104356087
6.30919504023182 -1.09904439826005 -0.851964614673453
6.33769231870797 -1.12142551577237 -0.718712209337905
6.36597205174064 -1.13987665175158 -0.586160498984705
6.3941218135804 -1.15451904777376 -0.454174314358058
6.42222597542217 -1.16543361823708 -0.322600438680146
6.4503678872505 -1.17266303653628 -0.19127032000524
6.47863161219776 -1.17621227647163 -0.0600036181878137
6.50710312960906 -1.17604799629592 0.0713862105311865
6.5358712584208 -1.17209719093672 0.203084776058598
6.56502868750187 -1.16424525213203 0.335269143714183
6.59467362793218 -1.15233313892675 0.468101207280057
6.62491245288184 -1.13615293929157 0.601722414737205
6.6558629925752 -1.11544126595254 0.73624659079341
6.68765613016937 -1.08987210754199 0.871738629889712
6.72042698100552 -1.05905985079485 1.00814186018576
6.75426932202497 -1.02261317328207 1.14505561761487
6.78909234949802 -0.980353981399123 1.28116920844662
6.82435678165912 -0.932824985086219 1.4134087745707
6.85907272491853 -0.881586560505238 1.53736616112796
6.89247108297601 -0.828340017790141 1.65007713514147
6.92438958157737 -0.774041042244899 1.75113509638233
6.95498976175552 -0.719058854652534 1.8413067766162
6.9844948073984 -0.663531172703897 1.92148773613638
7.01310494621076 -0.607526012191369 1.99241013193541
7.04098502788287 -0.551093902120773 2.05462311993513
7.0682693565145 -0.494283391770938 2.10852908795476
7.09506859987709 -0.437145507056342 2.15442121389521
7.12147554947768 -0.37973501077096 2.19251289125848
7.14756946762675 -0.322110739201524 2.22295955396262
7.17341927715703 -0.264335763205983 2.24587478842621
7.19908590712621 -0.206477569804262 2.26134241930211
7.22462405466299 -0.14860826834485 2.26942578143275
7.25008349714138 -0.0908049069333284 2.27017497329278
7.27551008562924 -0.0331498633929171 2.26363268681756
7.30094644385891 0.0242685712865315 2.24983904956386
7.32643241444311 0.0813554037833677 2.2288358827018
7.35200517826132 0.138007728396186 2.20067084289959
7.37769901314798 0.194113040904909 2.16540200612275
7.40354452359225 0.249546812057015 2.1231037096355
7.42956720260727 0.304169252532674 2.07387465588412
7.45578511609892 0.357821217159753 2.01784953501242
7.48220560747603 0.410319624551742 1.9552152751829
7.50882122351893 0.461453530062407 1.88623200209263
7.53560556296555 0.510982892048198 1.81125654638244
7.56251072242191 0.558643330588742 1.73076189593442
7.58946852954605 0.604159733099646 1.64534200886922
7.61639723968725 0.647268785021596 1.55569135291318
7.64321282744945 0.687744975715194 1.46255780492432
7.66984114299402 0.725420966051411 1.36668172242652
7.69622645369284 0.760195211829041 1.268742029511
7.72233428651271 0.792026561046951 1.16932400843591
7.74814963684717 0.820921117339978 1.06891008328214
7.77367297877058 0.84691740931035 0.967886049565138
7.79891612277097 0.870073597792382 0.86655391035039
7.82389894129062 0.890457879272344 0.765145417475583
7.84864723966975 0.908141791616845 0.663833457282448
7.87319159971556 0.923195564119459 0.562740748962795
7.8975668809297 0.935684684994734 0.461946427923448
7.92181214518393 0.94566712576092 0.361491127257986
7.94597066846142 0.95319081868026 0.261381816602878
7.97016043328389 0.95830267173711 0.161305556432178
7.99445564653753 0.961003858080409 0.0611281483624354
8.01886161851218 0.961272698808058 -0.038998720092716
8.04339265853418 0.959088402333026 -0.138957799592822
8.06806240516467 0.954429036231696 -0.238623840577616
8.09288546911501 0.947271551072075 -0.337867731860886
8.11791323788595 0.937575997036776 -0.436694084256689
8.14329994128113 0.925232516255357 -0.535482294948906
8.16908306410637 0.910150710445965 -0.634112385566538
8.19531180387502 0.892224218564815 -0.732472001172945
8.22202834013294 0.871341858484667 -0.830377008252021
8.24926677086055 0.847393757485446 -0.927563147090845
8.27704624528015 0.820284388654384 -1.02365925870445
8.3053597899196 0.789954643679731 -1.11815286146098
8.33415819205345 0.756416132578692 -1.21035300823304
8.36333364158219 0.719793736230224 -1.29937421812032
8.39271570836716 0.680357134138337 -1.38418297459958
8.42209473907843 0.638509272606467 -1.46373515706006
8.45126999384786 0.594719375104788 -1.53715897939511
8.48009424896174 0.549436053976749 -1.60387529260681
8.50848935537911 0.503031464774628 -1.6635965972435
8.53643515566018 0.455790758071445 -1.7162465737187
8.56394915127957 0.407927889251543 -1.76186973901048
8.59106899922128 0.359607204724751 -1.80056623291475
8.61784103370307 0.310961332484401 -1.8324544476765
8.64431376447968 0.262103669069274 -1.85765301767354
8.67053453011511 0.213136557575599 -1.87627390799326
8.69654790040273 0.164156616713679 -1.88842124197699
8.72239498598631 0.11525828142354 -1.89419293151493
8.74811314521952 0.0665363104459993 -1.89368361098909
8.77373581249642 0.0180877126368108 -1.88698821726475
8.79929232591897 -0.0299867009781464 -1.87420597137906
8.8248076143297 -0.0775808952005067 -1.85544475020209
8.85030175598581 -0.124582378620019 -1.83082591315392
8.87578935376366 -0.170871116258186 -1.80048968113641
8.90127878463259 -0.216318770634929 -1.76460105114048
8.92677141191975 -0.260788507497779 -1.72335602954695
8.95226092481251 -0.304135701258864 -1.67698764091283
8.97773306057474 -0.34620994187846 -1.62577071977105
9.00316593721077 -0.386858547574092 -1.57002424750225
9.0285312563813 -0.425931657116981 -1.5101097738935
9.05379639088844 -0.463288404587361 -1.44642504347093
9.07892710237259 -0.498803216693906 -1.3793930346469
9.10389045065195 -0.532371126103849 -1.30944777941176
9.12865733281406 -0.563911105968704 -1.23701935272656
9.15320423994219 -0.593367002343321 -1.16252046412572
9.17751412433745 -0.620706316251469 -1.08633621526344
9.20157645750395 -0.645917429142971 -1.00881768673358
9.22538678466736 -0.669006079800077 -0.930278847862213
9.24894606435928 -0.689991712949263 -0.850995890022562
9.27225999170651 -0.708904059789482 -0.771208110045643
9.29533850966863 -0.725780168205789 -0.691119332976743
9.31819549020731 -0.740661812742351 -0.61089961115582
9.34108046885736 -0.75371618003911 -0.52986281177988
9.36398510492765 -0.764918252732609 -0.4482089823609
9.38692096403366 -0.774256840268028 -0.366063359892947
9.40989741966516 -0.781720064889624 -0.283554920957796
9.43292431812903 -0.787296710790847 -0.200808017950105
9.45601161184685 -0.790975936422856 -0.117944824773694
9.47916942703674 -0.792747221772159 -0.035086287323729
9.50240810840322 -0.792600322917141 0.0476467929615522
9.52573830181522 -0.790525241157671 0.130132758817079
9.54917103628399 -0.786512195470094 0.212248036434777
9.57271780670284 -0.780551601504019 0.293866014738784
9.59639062035164 -0.772634074575592 0.374855734296109
9.62020198289305 -0.76275049291517 0.455080314769536
9.6441647938554 -0.750892175876641 0.534395051373263
9.66829206394978 -0.737051284791387 0.612644957111517
9.69259641082778 -0.721221574678317 0.689661743716368
9.71708919047551 -0.703399719487431 0.765260007238065
9.74201897525984 -0.683386127070917 0.839939547897979
9.76737887006304 -0.661148737439773 0.913359816000314
9.79317270443809 -0.636656912360473 0.985188471376839
9.81938719895806 -0.609908141411315 1.05502270762837
9.84599092611649 -0.58093631863271 1.12239820763863
9.87293039703801 -0.549823169236856 1.18679574192715
9.90012973955802 -0.516705602962655 1.2476628929594
9.92749558376962 -0.481774777802933 1.3044505799341
9.95492747329384 -0.445264101342997 1.35665799214353
9.98233100074794 -0.407428448959307 1.40387237127351
10 -0.38237528623698 1.43159939677527
