-6.3 -19.5673437102238
-6.12972972972973 -12.6459158701064
-5.95945945945946 -6.58096871898317
-5.78918918918919 -1.47663323941195
-5.61891891891892 2.60695670498333
-5.44864864864865 5.65226115250433
-5.27837837837838 7.6814121846596
-5.10810810810811 8.75198452398857
-4.93783783783784 8.95170870110575
-4.76756756756757 8.39240429481538
-4.5972972972973 7.20342593655217
-4.42702702702703 5.52491766392814
-4.25675675675676 3.50116219665865
-4.08648648648649 1.27429163021262
-3.91621621621622 -1.02140385896455
-3.74594594594595 -3.26437084052233
-3.57567567567568 -5.34973704696462
-3.40540540540541 -7.19220027354399
-3.23513513513514 -8.72780765287389
-3.06486486486486 -9.91462217635841
-2.89459459459459 -10.732322185152
-2.72432432432432 -11.1808243113929
-2.55405405405405 -11.278059277462
-2.38378378378378 -11.0570616071256
-2.21351351351351 -10.5625575580599
-2.04324324324324 -9.84724971851517
-1.87297297297297 -8.96800138926274
-1.7027027027027 -7.9821191678955
-1.53243243243243 -6.94391853269653
-1.36216216216216 -5.90173552229555
-1.19189189189189 -4.89551898721043
-1.02162162162162 -3.95510378628588
-0.851351351351352 -3.09922736172564
-0.68108108108108 -2.33531213682533
-0.510810810810811 -1.65999598960313
-0.34054054054054 -1.06035449718612
-0.170270270270271 -0.515723462077083
0 0
0.170270270270271 0.515723462077083
0.34054054054054 1.06035449718612
0.510810810810811 1.65999598960313
0.681081081081081 2.33531213682533
0.851351351351351 3.09922736172564
1.02162162162162 3.95510378628587
1.19189189189189 4.89551898721043
1.36216216216216 5.90173552229555
1.53243243243243 6.94391853269653
1.7027027027027 7.9821191678955
1.87297297297297 8.96800138926274
2.04324324324324 9.84724971851517
2.21351351351351 10.5625575580599
2.38378378378378 11.0570616071256
2.55405405405405 11.278059277462
2.72432432432432 11.1808243113929
2.89459459459459 10.732322185152
3.06486486486487 9.91462217635841
3.23513513513514 8.72780765287388
3.4054054054054 7.192200273544
3.57567567567567 5.34973704696463
3.74594594594595 3.26437084052234
3.91621621621622 1.02140385896455
4.08648648648649 -1.27429163021262
4.25675675675676 -3.50116219665864
4.42702702702703 -5.52491766392813
4.5972972972973 -7.20342593655216
4.76756756756757 -8.39240429481538
4.93783783783784 -8.95170870110575
5.10810810810811 -8.75198452398857
5.27837837837838 -7.6814121846596
5.44864864864865 -5.65226115250432
5.61891891891892 -2.60695670498331
5.78918918918919 1.47663323941198
5.95945945945946 6.58096871898314
6.12972972972973 12.6459158701064
6.3 19.5673437102238


-6.3 -14.4525252169684 2.06920419863925 -11.0594218403757
-6.284375 -14.3705968962266 3.17460663436418 -11.3197452737429
-6.26875 -14.2649689262361 4.29482541367399 -11.5778985608651
-6.253125 -14.1353574706612 5.42583751319285 -11.8333400381091
-6.2375 -13.9815790411956 6.56345283277944 -12.0855229229788
-6.221875 -13.8035543294893 7.70334130991567 -12.3338979323902
-6.20625 -13.6013113014257 8.84106208386414 -12.5779159900346
-6.190625 -13.3749875033616 9.97209443896661 -12.8170310025565
-6.175 -13.1248315375934 11.0918702262981 -13.0507026830318
-6.159375 -12.8512036727092 12.1958074362689 -13.2783993992092
-6.14375 -12.5545755635516 13.2793445722003 -13.4996010231866
-6.128125 -12.2355290651182 14.3379754568478 -13.7138017586562
-6.1125 -11.8947541347454 15.367284090697 -13.9205129215735
-6.096875 -11.5330458272205 16.362979172935 -14.119265650103
-6.08125 -11.1513003979021 17.3209278935282 -14.3096135199667
-6.065625 -10.7505105393512 18.2371886079582 -14.4911350418754
-6.05 -10.3317597872364 19.1080420149313 -14.6634360185537
-6.034375 -9.89621614122163 19.9300204717282 -14.8261517399718
-6.01875 -9.44512495602901 20.6999351016494 -14.9789489967579
-6.003125 -8.97980116674784 21.4149003729988 -15.1215278933758
-5.9875 -8.50162092060078 22.072355858885 -15.2536234444859
-5.971875 -8.01201269465177 22.6700849213915 -15.3750069399501
-5.95625 -7.51244798523855 23.2062301018541 -15.4854870661683
-5.940625 -7.0044316601367 23.6793050405163 -15.5849107738063
-5.925 -6.48949206853069 24.0882027930685 -15.6731638844811
-5.909375 -5.96917100671848 24.4322004578173 -15.7501714315615
-5.89375 -5.44501363906459 24.710960074762 -15.8158977328932
-5.878125 -4.91855847401944 24.9245258059083 -15.8703461959353
-5.8625 -4.39132749403486 25.073317453983 -15.9135588584608
-5.846875 -3.86481653594554 25.1581204235513 -15.9456156705942
-5.83125 -3.3404860148887 25.1800722736601 -15.9666335265044
-5.815625 -2.81975208015739 25.1406460538203 -15.9767650564995
-5.8 -2.30397828559968 25.041630654742 -15.976197192564
-5.784375 -1.79446785037921 24.8851084411518 -15.9651495224946
-5.76875 -1.29245657820809 24.6734304657081 -15.9438724497197
-5.753125 -0.799106494671941 24.4091895900439 -15.9126451775864
-5.7375 -0.315500253119218 24.0951918609247 -15.8717735383724
-5.721875 0.157363650076554 23.7344265061475 -15.8215876884881
-5.70625 0.618574820106271 23.3300349259275 -15.7624396922834
-5.690625 1.0673140476449 22.8852790610485 -15.6947010175489
-5.675 1.50285552190276 22.4035095189938 -15.6187599661944
-5.659375 1.92456817285347 21.8881338337405 -15.5350190637089
-5.64375 2.3319161527025 21.3425852240891 -15.443892430852
-5.628125 2.72445847631634 20.7702921995918 -15.3458031606067
-5.6125 3.10184784949567 20.1746493427164 -15.2411807227507
-5.596875 3.46382872252814 19.5589895712538 -15.130458417495
-5.58125 3.81023461429053 18.9265581566633 -15.0140708985014
-5.565625 4.14098475919465 18.2804887425789 -14.8924517842642
-5.55 4.45608013540924 17.623781573673 -14.7660313753299
-5.534375 4.7555989379799 16.9592841090902 -14.6352344931652
-5.51875 5.03969156466741 16.2896741573596 -14.500478454702
-5.503125 5.30857518550443 15.6174456316941 -14.3621711946947
-5.4875 5.56252796922012 14.9448969865083 -14.2207095460731
-5.471875 5.80188304080921 14.2741223584409 -14.0764776864682
-5.45625 6.02702224464739 13.607005398711 -13.9298457570725
-5.440625 6.23836978671543 12.9452157488102 -13.7811686579874
-5.425 6.43638582774041 12.2902080788115 -13.630785022238
-5.409375 6.62156009645682 11.643223577387 -13.4790163687218
-5.39375 6.79440558880563 11.0052937553373 -13.3261664325262
-5.378125 6.95545241480809 10.3772464003456 -13.1725206693177
-5.3625 7.10524185016296 9.75971350001735 -13.0183459288942
-5.346875 7.24432064441484 9.15314093320445 -12.8638902915138
-5.33125 7.3732356319266 8.55779971625365 -12.709383059279
-5.315625 7.49252868595959 7.97379858117618 -12.5550348936814
-5.3 7.60273205002213 7.40109765678331 -12.4010380893989
-5.284375 7.70436407438716 6.83952302146988 -12.2475669735902
-5.26875 7.79792537939883 6.28878189740463 -12.0947784192599
-5.253125 7.88389546097599 5.74847826020026 -11.9428124607564
-5.2375 7.96272974766035 5.21812864544164 -11.7917929991288
-5.221875 8.03485711272769 4.69717794346652 -11.6418285848861
-5.20625 8.10067783934899 4.18501498620696 -11.4930132656786
-5.190625 8.16056203161576 3.68098774437787 -11.3454274865395
-5.175 8.21484845948198 3.18441796949471 -11.1991390305783
-5.159375 8.2638438213638 2.69461513275696 -11.0542039883966
-5.14375 8.3078224043119 2.21088953139425 -10.9106677449802
-5.128125 8.3470261183505 1.73256445228527 -10.7685659734106
-5.1125 8.38166487877644 1.25898730218766 -10.6279256254023
-5.096875 8.4119173079352 0.789539633439946 -10.4887659094118
-5.08125 8.43793172623414 0.323646013212535 -10.351099247855
-5.065625 8.45982740090579 -0.139218296977646 -10.2149322058033
-5.05 8.47769602027621 -0.599520866961901 -10.0802663843883
-5.034375 8.49160336100119 -1.05766682752184 -9.9470992730235
-5.01875 8.50159111587595 -1.51399478704065 -9.81542505542714
-5.003125 8.50767885036801 -1.9687739041552 -9.68523536530197
-4.9875 8.50986605692909 -2.42220207264974 -9.55651998837845
-4.971875 8.50813427737147 -2.87440516368038 -9.42926750835098
-4.95625 8.50244926510239 -3.32543726087661 -9.30346589502363
-4.940625 8.49276316075664 -3.77528181594768 -9.17910303372526
-4.925 8.47901665670592 -4.22385364611988 -9.05616719574853
-4.909375 8.46114112801425 -4.67100169000742 -8.93464745020796
-4.89375 8.43906070960761 -5.11651243531707 -8.81453401829551
-4.878125 8.41269430169602 -5.5601139300255 -8.69581857143582
-4.8625 8.38195748778749 -6.00148028825264 -8.57849447530571
-4.846875 8.34676435193409 -6.44023660287533 -8.46255698208293
-4.83125 8.30702918411706 -6.87596417886239 -8.34800337362907
-4.815625 8.26266806488364 -7.30820600423867 -8.23483305859051
-4.8 8.21360032246807 -7.73647237936913 -8.1230476266227
-4.784375 8.15974985764213 -8.16024662976085 -8.01265086310898
-4.76875 8.10104633342904 -8.57899083267942 -7.90364872785791
-4.753125 8.03742622856451 -8.99215149343503 -7.79604930132767
-4.7375 7.96883375518974 -9.39916511308943 -7.68986270194474
-4.721875 7.89522164270617 -9.7994635954494 -7.58510097806191
-4.70625 7.81655179100594 -10.1924794474353 -7.48177797804167
-4.690625 7.73279579741398 -10.5776507331448 -7.37990920185905
-4.675 7.64393536263938 -10.9544257480801 -7.27951163749784
-4.659375 7.54996258183689 -11.3222673859965 -7.18060358527009
-4.64375 7.45088012753123 -11.6806571765821 -7.0832044730243
-4.628125 7.34670133166281 -12.0290989776512 -6.98733466502779
-4.6125 7.23745017438289 -12.367122310659 -6.89301526711605
-4.596875 7.12316118746833 -12.6942853331094 -6.80026793050095
-4.58125 7.00387928035106 -13.0101774457826 -6.7091146564231
-4.565625 6.87965949677661 -13.3144215366524 -6.61957760362433
-4.55 6.75056671003018 -13.6066758668791 -6.53167890040799
-4.534375 6.6166752645098 -13.8866356073526 -6.44544046284797
-4.51875 6.47806857119496 -14.154034036926 -6.36088382050628
-4.503125 6.33483866426677 -14.4086434157388 -6.27802995082385
-4.4875 6.18708572579349 -14.6502755488916 -6.19689912316201
-4.471875 6.03491758501204 -14.8787820572238 -6.11751075329461
-4.45625 5.87844919832314 -15.094054373091 -6.03988326898264
-4.440625 5.71780211568207 -15.2960234798566 -5.96403398710675
-4.425 5.55310393861781 -15.4846594143401 -5.88997900268749
-4.409375 5.38448777465788 -15.6599705517244 -5.81773308998917
-4.39375 5.21209169248038 -15.8220026924541 -5.7473096157817
-4.378125 5.03605818166449 -15.9708379704756 -5.67872046472392
-4.3625 4.85653362047138 -16.1065936018128 -5.6119759767337
-4.346875 4.67366775466243 -16.2294204919704 -5.54708489612237
-4.33125 4.48761318995486 -16.3395017200229 -5.48405433219427
-4.315625 4.29852490032882 -16.4370509165251 -5.4228897309461
-4.3 4.10655975403653 -16.5223105515712 -5.36359485744396
-4.284375 3.91187605882543 -16.5955501484731 -5.30617178840867
-4.26875 3.71463312757306 -16.6570644376321 -5.25062091450114
-4.253125 3.51499086524373 -16.7071714642584 -5.19694095176857
-4.2375 3.31310937781456 -16.746210662672 -5.14512896168866
-4.221875 3.10914860358164 -16.7745409089985 -5.09518037923188
-4.20625 2.90326796704528 -16.7925385631735 -5.04708904835077
-4.190625 2.69562605538494 -16.8005955102904 -5.00084726429968
-4.175 2.48638031736999 -16.7991172104806 -4.95644582218692
-4.159375 2.27568678440858 -16.7885207657071 -4.91387407116518
-4.14375 2.06369981331444 -16.7692330110803 -4.87311997367228
-4.128125 1.85057185026733 -16.7416886375802 -4.83417016914496
-4.1125 1.63645321535646 -16.7063283523852 -4.79701004164073
-4.096875 1.42149190702616 -16.6635970823676 -4.76162379081837
-4.08125 1.205833425687 -16.6139422257233 -4.72799450574403
-4.065625 0.989620615713457 -16.5578119561494 -4.69610424100924
-4.05 0.772993525018131 -16.4956535834724 -4.66593409466618
-4.034375 0.55608928137249 -16.4279119741574 -4.63746428750699
-4.01875 0.339041984632801 -16.355028034695 -4.61067424323513
-4.003125 0.121982614026986 -16.2774372604604 -4.58554266909898
-3.9875 -0.0949610503382101 -16.1955683522691 -4.56204763658026
-3.971875 -0.311664492580501 -16.1098419025155 -4.54016666175257
-3.95625 -0.52800651357213 -16.020669152464 -4.51987678494786
-3.940625 -0.74386927169405 -15.9284508219737 -4.50115464939137
-3.925 -0.959138312589729 -15.8335760126679 -4.48397657848775
-3.909375 -1.17370258866913 -15.7364211853078 -4.46831865146369
-3.89375 -1.38745446908672 -15.6373492118992 -4.45415677709363
-3.878125 -1.60028974088908 -15.5367085028395 -4.44146676525718
-3.8625 -1.81210760199817 -15.4348322092071 -4.43022439609748
-3.846875 -2.02281064666662 -15.3320375001023 -4.42040548657071
-3.83125 -2.23230484401072 -15.2286249147633 -4.41198595419678
-3.815625 -2.440499510197 -15.1248777890051 -4.40494187784099
-3.8 -2.64730727482778 -15.021061755365 -4.39924955537576
-3.784375 -2.85264404204209 -14.9174243161728 -4.3948855580897
-3.76875 -3.05642894681906 -14.8141944886178 -4.39182678172964
-3.753125 -3.25858430694317 -14.7115825207295 -4.39005049407877
-3.7375 -3.45903557106331 -14.6097796770533 -4.38953437899079
-3.721875 -3.65771126325181 -14.5089580926633 -4.39025657681643
-3.70625 -3.8545429244442 -14.4092706940246 -4.39219572117476
-3.690625 -4.04946505111687 -14.3108511850916 -4.39533097203672
-3.675 -4.24241503153677 -14.2138140969094 -4.39964204510302
-3.659375 -4.4333330798959 -14.1182548988703 -4.40510923747313
-3.64375 -4.6221621686228 -14.0242501696692 -4.41171344961503
-3.628125 -4.80884795914414 -13.9318578258978 -4.419436203659
-3.6125 -4.99333873135154 -13.84111740612 -4.42825965805084
-3.596875 -5.17558531201175 -13.7520504081829 -4.43816661861187
-3.58125 -5.35554100234263 -13.6646606774274 -4.44914054606451
-3.565625 -5.53316150496299 -13.5789348433922 -4.46116556009264
-3.55 -5.70840485041049 -13.4948428025258 -4.47422644001649
-3.534375 -5.88123132340951 -13.4123382443638 -4.48830862217102
-3.51875 -6.05160338905952 -13.3313592185675 -4.50339819408591
-3.503125 -6.21948561910367 -13.251828740172 -4.51948188557371
-3.4875 -6.38484461842814 -13.1736554303499 -4.53654705684028
-3.471875 -6.5476489519335 -13.09673418996 -4.55458168373911
-3.45625 -6.70786907191216 -13.0209469031279 -4.57357434029754
-3.440625 -6.86547724605803 -12.9461631680786 -4.59351417864918
-3.425 -7.02044748622887 -12.8722410524381 -4.61439090651189
-3.409375 -7.17275547807529 -12.7990278702081 -4.63619476235603
-3.39375 -7.32237851164598 -12.7263609776281 -4.65891648841154
-3.378125 -7.46929541307333 -12.6540685851447 -4.68254730166648
-3.3625 -7.61348647744021 -12.5819705827287 -4.70707886301254
-3.346875 -7.75493340292445 -12.5098793758044 -4.73250324469582
-3.33125 -7.89361922631448 -12.437600729087 -4.75881289623312
-3.315625 -8.02952825998674 -12.3649346156636 -4.78600060895535
-3.3 -8.16264603043233 -12.2916760686978 -4.81405947934098
-3.284375 -8.2929592184182 -12.217616033189 -4.84298287130254
-3.26875 -8.4204556008658 -12.1425422152749 -4.87276437758911
-3.253125 -8.54512399452751 -12.0662399266302 -4.90339778046763
-3.2375 -8.66695420153931 -11.9884929215786 -4.934877011844
-3.221875 -8.7859369569258 -11.9090842246155 -4.96719611298429
-3.20625 -8.90206387813115 -11.8277969461091 -5.00034919399369
-3.190625 -9.01532741664777 -11.7444150840368 -5.03433039320888
-3.175 -9.12572081181109 -11.6587243096967 -5.06913383665642
-3.159375 -9.23323804682719 -11.5705127354253 -5.10475359772666
-3.14375 -9.33787380709609 -11.4795716624459 -5.14118365720895
-3.128125 -9.43962344089106 -11.3856963070709 -5.17841786383013
-3.1125 -9.53848292245065 -11.2886865035763 -5.2164498954338
-3.096875 -9.63444881753613 -11.1883473821726 -5.25527322093326
-3.08125 -9.72751825150344 -11.0844900205986 -5.29488106316633
-3.065625 -9.81768887993396 -10.9769320679666 -5.33526636277457
-3.05 -9.90495886186377 -10.8654983395995 -5.3764217432246
-3.034375 -9.98932683564598 -10.7500213817022 -5.41833947708282
-3.01875 -10.0707918974752 -10.6303420048212 -5.46101145364965
-3.003125 -10.1493535825972 -10.5063097851523 -5.50442914805266
-2.9875 -10.225011849221 -10.3777835328644 -5.5485835918922
-2.971875 -10.2977670651429 -10.2446317267171 -5.59346534552642
-2.95625 -10.3676199970877 -10.1067329143536 -5.63906447207623
-2.940625 -10.4345718027605 -9.96397607775835 -5.68537051322402
-2.925 -10.4986240256009 -9.81626096347448 -5.73237246687323
-2.909375 -10.5597785922174 -9.66349837727643 -5.78005876672922
-2.89375 -10.6180378124768 -9.50561044309822 -5.82841726385484
-2.878125 -10.6734043822117 -9.34253082611517 -5.87743521024766
-2.8625 -10.7258813885023 -9.17420491997566 -5.92709924447843
-2.846875 -10.7754723174803 -9.0005899982744 -5.97739537942406
-2.83125 -10.8221810645918 -8.8216553304515 -6.02830899212138
-2.815625 -10.8660119472502 -8.63738226239176 -6.07982481576116
-2.8 -10.9069697197989 -8.44776426208593 -6.1319269338354
-2.784375 -10.9450595906958 -8.25280693079973 -6.18459877644421
-2.76875 -10.9802872418228 -8.05252798027803 -6.2378231187622
-2.753125 -11.0126588498141 -7.84695717658905 -6.29158208165803
-2.7375 -11.0421811092899 -7.63613625128865 -6.34585713445436
-2.721875 -11.0688612578721 -7.4201187806556 -6.40062909980966
-2.70625 -11.0927071028517 -7.19897003381685 -6.45587816069732
-2.690625 -11.11372704937 -6.97276679064589 -6.51158386945174
-2.675 -11.1319301299675 -6.74159713037807 -6.5677251588457
-2.659375 -11.1473260353474 -6.50556019194385 -6.62428035515781
-2.64375 -11.1599251461947 -6.26476590707423 -6.68122719318391
-2.628125 -11.1697385658866 -6.01933470728255 -6.73854283314119
-2.6125 -11.1767781539206 -5.76939720587264 -6.79620387940934
-2.596875 -11.1810565598877 -5.51509385616609 -6.85418640104827
-2.58125 -11.1825872578073 -5.2565745871796 -6.9124659540282
-2.565625 -11.1813845806429 -4.99399841801894 -6.97101760510337
-2.55 -11.1774637548082 -4.72753305228694 -7.02981595725748
-2.534375 -11.1708409344773 -4.45735445383127 -7.08883517664504
-2.51875 -11.1615332355054 -4.18364640518143 -7.14804902095001
-2.503125 -11.1495587687703 -3.90660005004551 -7.20743086907972
-2.4875 -11.1349366727399 -3.62641342125412 -7.26695375210983
-2.471875 -11.1176871450765 -3.34329095555293 -7.32659038539337
-2.45625 -11.097831473087 -3.05744299665522 -7.38631320174489
-2.440625 -11.0753920628305 -2.76908528797327 -7.44609438560874
-2.425 -11.0503924666987 -2.47843845645079 -7.50590590811913
-2.409375 -11.0228574092885 -2.18572748891929 -7.56571956295795
-2.39375 -10.9928128113891 -1.8911812023985 -7.62550700291551
-2.378125 -10.9602858119131 -1.59503170975541 -7.68523977705832
-2.3625 -10.9253047876061 -1.29751388212754 -7.7448893684077
-2.346875 -10.8878993703755 -0.99886480950437 -7.80442723203243
-2.33125 -10.8481004620888 -0.699323260846506 -7.86382483345885
-2.315625 -10.8059402466982 -0.399129145104398 -7.92305368730172
-2.3 -10.7614521995565 -0.0985229744786857 -7.98208539601993
-2.284375 -10.7146710938016 0.202254668758803 -8.04089168870144
-2.26875 -10.6656330036938 0.502963660589515 -8.09944445978309
-2.253125 -10.6143753048031 0.803364857452151 -8.15771580761169
-2.2375 -10.5609366709525 1.10322061109044 -8.21567807275452
-2.221875 -10.5053570678384 1.40229527484151 -8.2733038759686
-2.20625 -10.447677743257 1.70035570019656 -8.33056615574
-2.190625 -10.3879412138805 1.99717172250248 -8.38743820530651
-2.175 -10.3261912485403 2.29251663471208 -8.44389370907898
-2.159375 -10.2624728479848 2.58616764813186 -8.49990677837901
-2.14375 -10.1968322210941 2.87790633915881 -8.55545198641335
-2.128125 -10.1293167575479 3.16751908104295 -8.61050440240777
-2.1125 -10.0599749969545 3.45479745975841 -8.66503962482627
-2.096875 -9.98885659446398 3.73953867311414 -8.71903381360428
-2.08125 -9.91601228290073 4.02154591228487 -8.77246372132772
-2.065625 -9.84149383146505 4.30062872499399 -8.82530672329308
-2.05 -9.76535400106595 4.5766033596323 -8.8775408463869
-2.034375 -9.68764649636078 4.84929308965005 -8.92914479672676
-2.01875 -9.6084259145901 5.1185285176145 -8.9800979860092
-2.003125 -9.52774769130873 5.38414785838068 -9.03038055651381
-1.9875 -9.44566804312614 5.64599720087944 -9.07997340471665
-1.971875 -9.3622439075813 5.90393074808429 -9.12885820346955
-1.95625 -9.27753288028817 6.15781103477623 -9.17701742270623
-1.940625 -9.19159314949951 6.40750912278421 -9.2244343486398
-1.925 -9.10448342824639 6.65290477343747 -9.27109310142027
-1.909375 -9.01626288422116 6.89388659702519 -9.31697865122468
-1.89375 -8.92699106758047 7.13035217911783 -9.36207683275674
-1.878125 -8.83672783685373 7.36220818366383 -9.40637435813641
-1.8625 -8.74553328315008 7.58937043283398 -9.44985882816442
-1.846875 -8.65346765286424 7.811763963645 -9.49251874195062
-1.83125 -8.560591269088 8.02932306145164 -9.53434350489859
-1.815625 -8.46696445193972 8.2419912704547 -9.57532343504395
-1.8 -8.37264743802908 8.44972138142929 -9.61544976774664
-1.784375 -8.27770029927856 8.65247539693391 -9.65471465874216
-1.76875 -8.18218286132612 8.85022447431642 -9.69311118556018
-1.753125 -8.0861546217362 9.04294884688673 -9.73063334732301
-1.7375 -7.98967466824771 9.23063772367961 -9.76727606293981
-1.721875 -7.89280159728833 9.41328916828222 -9.80303516771637
-1.70625 -7.79559343298447 9.59090995725119 -9.83790740840363
-1.690625 -7.69810754689541 9.76351541869276 -9.87189043671161
-1.675 -7.60040057869819 9.93112925162607 -9.90498280131884
-1.659375 -7.50252835804744 10.0937833267948 -9.93718393841037
-1.64375 -7.40454582783098 10.2515174696352 -9.968494160781
-1.628125 -7.30650696903775 10.404379226149 -9.99891464554268
-1.6125 -7.20846472744991 10.5524236124699 -10.0284474204787
-1.596875 -7.11047094236517 10.6957128489458 -10.0570953490891
-1.58125 -7.01257627754906 10.8343160795965 -10.0848621143752
-1.565625 -6.91483015460994 10.9683090778341 -10.1117522014127
-1.55 -6.81728068898148 11.097773939367 -10.1377708787659
-1.534375 -6.71997462868955 11.2227987632285 -10.162924178797
-1.51875 -6.62295729607096 11.3434773219015 -10.1872188769269
-1.503125 -6.52627253260235 11.4599087215251 -10.2106624699049
-1.4875 -6.42996264698742 11.5721970531913 -10.2332631531476
-1.471875 -6.33406836664036 11.6804510363533 -10.2550297972081
-1.45625 -6.23862879269201 11.7847836553782 -10.2759719234364
-1.440625 -6.14368135863458 11.885311790289 -10.2960996788966
-1.425 -6.04926179270861 11.9821558427423 -10.3154238106025
-1.409375 -5.95540408412426 12.0754393582974 -10.3339556391398
-1.39375 -5.86214045319649 12.1652886460272 -10.3517070317372
-1.378125 -5.76950132546167 12.2518323965226 -10.3686903748552
-1.3625 -5.67751530983028 12.3352012993345 -10.3849185463567
-1.346875 -5.58620918081777 12.4155276608897 -10.4004048873272
-1.33125 -5.49560786488313 12.4929450239064 -10.4151631736098
-1.315625 -5.40573443089148 12.5675877893196 -10.4292075871213
-1.3 -5.31661008470478 12.6395908417108 -10.4425526870139
-1.284375 -5.2282541678917 12.7090891792169 -10.4552133807489
-1.26875 -5.14068416053532 12.7762175488709 -10.4672048951443
-1.253125 -5.05391568810484 12.8411100883018 -10.4785427474615
-1.2375 -4.9679625323454 12.9038999746951 -10.4892427165901
-1.221875 -4.88283664612801 12.9647190818862 -10.4993208143951
-1.20625 -4.79854817218992 13.0236976464246 -10.5087932572822
-1.190625 -4.71510546568456 13.0809639434177 -10.5176764380414
-1.175 -4.63251512044902 13.1366439729227 -10.5259868980242
-1.159375 -4.55078199888634 13.1908611576212 -10.5337412997075
-1.14375 -4.46990926534995 13.2437360524684 -10.5409563996993
-1.128125 -4.38989842290754 13.2953860669721 -10.5476490222333
-1.1125 -4.31074935335264 13.3459252007095 -10.5538360332039
-1.096875 -4.2324603603232 13.3954637926504 -10.5595343147843
-1.08125 -4.15502821537829 13.4441082848079 -10.5647607406748
-1.065625 -4.07844820687645 13.4919610006925 -10.5695321520198
-1.05 -4.00271419149202 13.5391199389995 -10.5738653340338
-1.034375 -3.92781864819908 13.5856785829109 -10.5777769933727
-1.01875 -3.85375273454714 13.6317257253456 -10.5812837362832
-1.003125 -3.78050634504681 13.6773453104437 -10.5844020475626
-0.9875 -3.70806817147957 13.7226162915208 -10.5871482703564
-0.971875 -3.63642576494124 13.7676125056794 -10.589538586819
-0.95625 -3.56556559942564 13.8124025652181 -10.5915889996619
-0.940625 -3.49547313675189 13.8570497659257 -10.5933153146077
-0.925 -3.42613289263691 13.9016120123046 -10.5947331237679
-0.909375 -3.35752850371295 13.9461417597158 -10.5958577899596
-0.89375 -3.28964279528927 13.9906859733922 -10.5967044319707
-0.878125 -3.22245784965677 14.0352861042194 -10.5972879107853
-0.8625 -3.15595507473479 14.0799780811398 -10.5976228167719
-0.846875 -3.09011527286027 14.124792319987 -10.5977234578415
-0.83125 -3.02491870952117 14.1697537485175 -10.5976038485723
-0.815625 -2.96034518183802 14.2148818473626 -10.5972777003022
-0.8 -2.89637408660055 14.2601907065812 -10.5967584121819
-0.784375 -2.83298448766939 14.3056890974571 -10.5960590631829
-0.76875 -2.77015518255681 14.3513805591434 -10.595192405049
-0.753125 -2.70786476800502 14.3972634997217 -10.5941708561806
-0.7375 -2.64609170438506 14.4433313112071 -10.5930064964356
-0.721875 -2.58481437874516 14.4895724979985 -10.5917110628312
-0.70625 -2.52401116634281 14.5359708182415 -10.5902959461256
-0.690625 -2.46366049050139 14.58250543754 -10.58877218826
-0.675 -2.4037408806388 14.6291510944277 -10.5871504806363
-0.659375 -2.3442310283223 14.6758782769822 -10.5854411632053
-0.64375 -2.28510984121174 14.7226534099425 -10.5836542243384
-0.628125 -2.22635649476051 14.7694390516679 -10.5817993014532
-0.6125 -2.16795048155199 14.8161941002572 -10.5798856823631
-0.596875 -2.10987165815743 14.8628740081278 -10.577922307318
-0.58125 -2.05210028940981 14.9094310043421 -10.5759177717028
-0.565625 -1.99461708999697 14.9558143239508 -10.5738803293589
-0.55 -1.93740326328634 15.001970443615 -10.5718178964921
-0.534375 -1.88044053730278 15.047843322757 -10.5697380561309
-0.51875 -1.82371119779017 15.0933746494841 -10.567648063095
-0.503125 -1.76719811829699 15.1385040905228 -10.5655548494383
-0.4875 -1.71088478723547 15.1831695444004 -10.5634650303228
-0.471875 -1.65475533187347 15.2273073971053 -10.5613849102874
-0.45625 -1.59879453922784 15.2708527794623 -10.5593204898677
-0.440625 -1.54298787383745 15.3137398254601 -10.5572774725278
-0.425 -1.48732149240388 15.355901930771 -10.5552612718623
-0.409375 -1.43178225529695 15.3972720107129 -10.5532770190277
-0.39375 -1.37635773493186 15.437782756908 -10.5513295703616
-0.378125 -1.3210362210341 15.4773668919053 -10.5494235151496
-0.3625 -1.26580672281725 15.5159574210438 -10.5475631834982
-0.346875 -1.21065896810817 15.5534878808471 -10.5457526542745
-0.33125 -1.15558339946261 15.589892583256 -10.5439957630728
-0.315625 -1.10057116732336 15.6251068550192 -10.5422961101685
-0.3 -1.04561412028126 15.6590672715833 -10.5406570684218
-0.284375 -0.990704792507876 15.6917118848398 -10.5390817910937
-0.26875 -0.935836388436446 15.7229804441087 -10.5375732195368
-0.253125 -0.881002764775825 15.7528146097601 -10.5361340907276
-0.2375 -0.826198409949278 15.7811581588975 -10.5347669446043
-0.221875 -0.771418421057407 15.8079571825508 -10.5334741311776
-0.20625 -0.716658478471309 15.8331602738531 -10.5322578173836
-0.190625 -0.661914818168634 15.8567187067002 -10.5311199936482
-0.175 -0.607184201931414 15.8785866044205 -10.5300624801339
-0.159375 -0.552463885530465 15.8987210980099 -10.5290869326432
-0.14375 -0.497751585026607 15.9170824735161 -10.5281948481517
-0.128125 -0.443045441324163 15.9336343081854 -10.527387569949
-0.1125 -0.388343983116866 15.9483435950169 -10.5266662923637
-0.0968749999999998 -0.333646088370756 15.9611808553991 -10.5260320650544
-0.0812499999999998 -0.278950944492544 15.9721202395355 -10.5254857968473
-0.0656249999999998 -0.224258007335507 15.9811396143996 -10.5250282591048
-0.0499999999999998 -0.169566959198111 15.988220638989 -10.5246600886113
-0.0343749999999998 -0.114877665973275 15.9933488266857 -10.5243817899631
-0.0187499999999998 -0.0601901336084656 15.9965135945595 -10.5241937374544
-0.00312499999999982 -0.00550446403871415 15.9977082994872 -10.5240961764488
0.0125000000000002 0.0491791892439797 15.9969302609931 -10.5240892242328
0.0281250000000002 0.103860665820366 15.9941807707508 -10.524172870347
0.0437500000000002 0.158539843007743 15.9894650887217 -10.5243469763929
0.0593750000000002 0.213216680392712 15.9827924259364 -10.5246112753163
0.0750000000000002 0.267891264068055 15.9741759139645 -10.5249653701704
0.0906250000000002 0.322563850409695 15.9636325611472 -10.5254087323637
0.10625 0.377234909230901 15.9511831957057 -10.5259406993983
0.121875 0.431905166152534 15.9368523958688 -10.5265604721097
0.1375 0.486575644030212 15.9206684071995 -10.5272671114179
0.153125 0.541247703281772 15.9026630473309 -10.5280595346042
0.16875 0.595923080961348 15.8828715983575 -10.528936511128
0.184375 0.650603928429721 15.8613326871592 -10.529896658001
0.2 0.705292847474364 15.8380881539662 -10.5309384347395
0.215625 0.759992924736788 15.8131829095066 -10.5320601379133
0.23125 0.814707764309326 15.7866647811092 -10.5332598953174
0.246875 0.869441518368507 15.7585843481618 -10.5345356597872
0.2625 0.924198915717463 15.728994767358 -10.5358852026883
0.278125 0.978985288115529 15.6979515881926 -10.5373061071043
0.29375 1.03380659427929 15.6655125591923 -10.538795760756
0.309375 1.08866944144574 15.631737425399 -10.5403513486804
0.325 1.14358110439487 15.5966877176452 -10.5419698457035
0.340625 1.19854954183628 15.5604265341869 -10.5436480087404
0.35625 1.25358341007154 15.5230183152849 -10.5453823689572
0.371875 1.30869207385187 15.4845286113464 -10.547169223831
0.3875 1.36388561435852 15.4450238452587 -10.5490046291454
0.403125 1.41917483424152 15.4045710695711 -10.5508843909598
0.41875 1.47457125966089 15.3632377191951 -10.5528040575902
0.434375 1.53008713928282 15.3210913603128 -10.5547589116419
0.45 1.58573544019265 15.278199436199 -10.5567439621348
0.465625 1.64152984069495 15.2346290106751 -10.5587539367606
0.48125 1.69748471998058 15.1904465099273 -10.5607832743129
0.496875 1.75361514464976 15.145717463431 -10.5628261173334
0.5125 1.80993685208953 15.1005062447334 -10.5648763050129
0.528125 1.8664662307137 15.054875812853 -10.5669273663897
0.54375 1.92322029708275 15.0088874550596 -10.5689725138865
0.559375 1.9802166699308 14.9626005318042 -10.5710046372269
0.575 2.03747354113649 14.9160722245678 -10.573016297771
0.590625 2.09500964368406 14.8693572873974 -10.5749997233112
0.60625 2.15284421667056 14.8225078028985 -10.5769468033672
0.621875 2.21099696742465 14.7755729434455 -10.5788490850187
0.6375 2.2694880308117 14.728598738366 -10.5806977693129
0.653125 2.32833792580931 14.6816278478491 -10.5824837082855
0.66875 2.38756750944643 14.6346993443134 -10.5841974026279
0.684375 2.44719792820818 14.5878485019602 -10.5858290000378
0.7 2.50725056701722 14.5411065952232 -10.5873682942839
0.715625 2.56774699591104 14.494500706807 -10.5888047250174
0.73125 2.62870891454261 14.4480535459892 -10.5901273783597
0.746875 2.69015809464006 14.4017832778406 -10.5913249882948
0.7625 2.75211632056834 14.3557033639935 -10.5923859388923
0.778125 2.81460532814327 14.3098224155634 -10.5932982673855
0.79375 2.87764674185528 14.2641440588037 -10.5940496681272
0.809375 2.94126201066655 14.2186668140417 -10.5946274974436
0.825 3.00547234255138 14.1733839884157 -10.5950187794034
0.840625 3.07029863795521 14.1282835828979 -10.5952102125192
0.85625 3.13576142235284 14.0833482140561 -10.5951881773938
0.871875 3.20188077809124 14.0385550509677 -10.5949387453222
0.8875 3.26867627570601 13.9938757676637 -10.5944476878585
0.903125 3.33616690490473 13.9492765114412 -10.5937004873525
0.91875 3.40437100541309 13.9047178873409 -10.5926823484602
0.934375 3.47330619788225 13.8601549590433 -10.5913782106282
0.95 3.54298931505774 13.8155372663959 -10.5897727615496
0.965625 3.61343633341168 13.770808859738 -10.5878504515875
0.98125 3.68466230544048 13.7259083511417 -10.5855955091567
0.996875 3.75668129283035 13.6807689826462 -10.5829919570545
1.0125 3.8295063006925 13.6353187115093 -10.5800236297265
1.028125 3.90314921306833 13.5894803124562 -10.5766741914513
1.04375 3.97762072990352 13.5431714968555 -10.5729271554251
1.059375 4.05293030568682 13.4963050487027 -10.5687659037245
1.075 4.12908608994675 13.4487889772432 -10.5641737081225
1.090625 4.20609486979522 13.4005266860182 -10.5591337517304
1.10625 4.28396201470276 13.3514171580654 -10.5536291514359
1.121875 4.362691423685 13.3013551569601 -10.5476429811035
1.1375 4.44228547507424 13.2502314433303 -10.5411582955028
1.153125 4.52274497904378 13.1979330064364 -10.5341581549263
1.16875 4.60406913304545 13.1443433103519 -10.5266256504552
1.184375 4.68625548031383 13.0893425542409 -10.5185439298315
1.2 4.76929987158187 13.0328079461794 -10.5098962238905
1.215625 4.85319643014472 12.9746139899228 -10.5006658735052
1.23125 4.93793752039885 12.9146327839802 -10.4908363569938
1.246875 5.02351371997442 12.8527343323136 -10.4803913179382
1.2625 5.10991379556838 12.7887868659381 -10.469314593359
1.278125 5.1971246825755 12.7226571746649 -10.4575902421917
1.29375 5.28513146860352 12.6542109481865 -10.4452025740067
1.309375 5.37391738094727 12.5833131256732 -10.432136177914
1.325 5.46346377808502 12.5098282530162 -10.4183759515916
1.340625 5.55375014524845 12.4336208468196 -10.4039071303765
1.35625 5.64475409410524 12.3545557642193 -10.3887153163553
1.371875 5.73645136658115 12.2724985775783 -10.3727865073895
1.3875 5.82881584283555 12.1873159530849 -10.3561071260118
1.403125 5.92181955339196 12.0988760322613 -10.3386640481271
1.41875 6.01543269541202 12.0070488153701 -10.3204446314522
1.434375 6.10962365308886 11.9117065456916 -10.3014367436288
1.45 6.20435902212251 11.8127240936341 -10.2816287899411
1.465625 6.29960363822757 11.7099793396255 -10.2610097405733
1.48125 6.39532060961052 11.6033535547344 -10.2395691573398
1.496875 6.4914713533414 11.4927317779569 -10.2172972198214
1.5125 6.58801563553231 11.3780031891141 -10.1941847508431
1.528125 6.68491161522301 11.2590614762975 -10.1702232412267
1.54375 6.7821158918621 11.1358051968137 -10.1454048737561
1.559375 6.87958355626055 11.0081381305819 -10.1197225462907
1.575 6.97726824488343 10.8759696249516 -10.0931698939656
1.590625 7.07512219733481 10.7392149299213 -10.0657413104185
1.60625 7.17309631688041 10.5977955227561 -10.0374319679835
1.621875 7.27114023384315 10.4516394210235 -10.0082378367949
1.6375 7.36920237169721 10.3006814830847 -9.97815570274686
1.653125 7.46723001567751 10.1448636951121 -9.94718318425337
1.66875 7.56516938371392 9.98413544372306 -9.91531874775993
1.684375 7.66296569949154 9.81845377335859 -9.88256172195666
1.7 7.76056326743209 9.6477836275631 -9.8489123106475
1.715625 7.85790554938542 9.47209807336136 -9.81437160423177
1.73125 7.95493524281465 9.29137850796436 -9.77894158975777
1.746875 8.05159436025423 9.10561484707775 -9.74262515951048
1.7625 8.14782430981644 8.91480569412824 -9.70542611809892
1.778125 8.24356597651873 8.71895848976865 -9.66734918801193
1.79375 8.33875980420264 8.51808964106837 -9.62840001361413
1.809375 8.4333458778133 8.31222462984461 -9.58858516355754
1.825 8.52726400580845 8.10139809963991 -9.54791213158786
1.840625 8.62045380246613 7.88565392090259 -9.50638933572795
1.85625 8.71285476986163 7.66504523398035 -9.46402611582458
1.871875 8.80440637928615 7.43963446959092 -9.42083272944883
1.8875 8.89504815188274 7.20949334648951 -9.37682034614381
1.903125 8.98471973827895 6.97470284610889 -9.33200104001757
1.91875 9.07336099699979 6.73535316400537 -9.28638778068306
1.934375 9.16091207145044 6.49154363800186 -9.23999442255088
1.95 9.24731346526407 6.24338265297771 -9.19283569248461
1.965625 9.33250611581695 5.99098752231409 -9.14492717583264
1.98125 9.41643146572091 5.73448434606303 -9.09628530085457
1.996875 9.49903153211134 5.47400784596749 -9.04692732156393
2.0125 9.58024897355797 5.20970117751971 -8.99687129901351
2.028125 9.66002715443541 4.94171571930412 -8.94613608105346
2.04375 9.73831020660037 4.67021083993049 -8.89474128059608
2.059375 9.81504308823364 4.39535364292192 -8.84270725242566
2.075 9.89017163971587 4.11731868998015 -8.79005506859525
2.090625 9.96364263641801 3.83628770310896 -8.7368064924564
2.10625 10.0354038382995 3.55244924613302 -8.68298395137141
2.121875 10.1054040362197 3.26599838620576 -8.62861050816178
2.1375 10.173593094881 2.97713633595499 -8.5737098313497
2.153125 10.2399219923352 2.68607007696927 -8.51830616425327
2.16875 10.3043428559972 2.39301196538033 -8.46242429299953
2.184375 10.366808995125 2.09817932034915 -8.40608951352259
2.2 10.4272749297378 1.80179399631287 -8.34932759761731
2.215625 10.4856964159557 1.50408193989855 -8.29216475812221
2.23125 10.5420304677623 1.20527273245696 -8.23462761330798
2.246875 10.5962353752007 0.905599119214598 -8.17674315055083
2.2625 10.6482707190285 0.605296526085875 -8.11853868937237
2.278125 10.6980973818714 0.304602565228987 -8.06004184393028
2.29375 10.7456775559259 0.00375653046850944 -8.00128048504612
2.309375 10.7909747472766 -0.297001116254613 -7.94228270185867
2.325 10.8339537769022 -0.597429266209605 -7.88307676319311
2.340625 10.8745807784613 -0.897286691749759 -7.82369107873791
2.35625 10.9128231929552 -1.19633257947369 -7.76415416012275
2.371875 10.9486497603796 -1.49432706738552 -7.70449458199186
2.3875 10.9820305084851 -1.79103178473963 -7.64474094316851
2.403125 11.0129367387788 -2.08621039323234 -7.58492182800655
2.41875 11.0413410099044 -2.37962912818203 -7.52506576802605
2.434375 11.0672171185514 -2.67105733832125 -7.46520120392977
2.45 11.0905400780488 -2.96026802280935 -7.40535644809768
2.465625 11.1112860948059 -3.24703836406139 -7.34555964765614
2.48125 11.1294325427715 -3.53115025498005 -7.28583874821822
2.496875 11.1449579360859 -3.81239081917064 -7.22622145839051
2.5125 11.1578419001058 -4.09055292271601 -7.16673521514116
2.528125 11.1680651409882 -4.36543567608774 -7.10740715012228
2.54375 11.175609414019 -4.63684492477325 -7.04826405703851
2.559375 11.1804574908784 -4.90459372720443 -6.98933236015172
2.575 11.1825931260337 -5.16850281858296 -6.93063808400968
2.590625 11.1820010224546 -5.42840105921028 -6.87220682448427
2.60625 11.1786667968417 -5.68412586594669 -6.81406372120216
2.621875 11.1725769445633 -5.93552362544348 -6.75623343144809
2.6375 11.1637188044907 -6.18245008781548 -6.69874010561769
2.653125 11.1520805239208 -6.42477073944806 -6.64160736429347
2.66875 11.1376510237743 -6.66236115366291 -6.5848582770138
2.684375 11.1204199642505 -6.89510731800125 -6.52851534280118
2.7 11.1003777111197 -7.12290593692014 -6.4726004725115
2.715625 11.0775153028255 -7.34566470873917 -6.41713497306197
2.73125 11.051824418568 -7.56330257571968 -6.36213953359069
2.746875 11.0232973475294 -7.77574994620694 -6.30763421359587
2.7625 10.9919269593991 -7.98294888781803 -6.25363843309793
2.778125 10.9577066763496 -8.18485329071396 -6.20017096486211
2.79375 10.9206304466033 -8.3814290000538 -6.14724992871407
2.809375 10.880692719728 -8.57265391679171 -6.09489278797515
2.825 10.8378884237864 -8.75851806604397 -6.0431163480381
2.840625 10.7922129444591 -8.93902363232335 -5.99193675709823
2.85625 10.7436621062518 -9.11418496101102 -5.94136950904872
2.871875 10.6922321558888 -9.28402852551315 -5.89142944854238
2.8875 10.6379197479841 -9.44859285962901 -5.84213077821615
2.903125 10.5807219330774 -9.60792845474022 -5.79348706806761
2.91875 10.5206361481072 -9.76209762151693 -5.74551126696648
2.934375 10.4576602093903 -9.91117431592514 -5.69821571627739
2.95 10.3917923081627 -10.0552439294111 -5.65161216556313
2.965625 10.3230310087338 -10.1944030432324 -5.60571179033132
2.98125 10.2513752492909 -10.3287591470027 -5.56052521177995
2.996875 10.1768243453896 -10.4584303216134 -5.5160625184911
3.0125 10.0993779961507 -10.5835448867992 -5.47233329001477
3.028125 10.0190362931811 -10.7042410137138 -5.42934662227819
3.04375 9.93579973222729 -10.8206663029879 -5.38711115474934
3.059375 9.84966922755979 -10.932977328846 -5.34563509927661
3.075 9.76064612908515 -11.0413391499637 -5.30492627051985
3.090625 9.66873224217021 -11.1459247878564 -5.26499211788193
3.10625 9.57392985016019 -11.2469146736959 -5.22583975884335
3.121875 9.47624173956479 -11.3444960645585 -5.1874760135963
3.1375 9.37567122788124 -11.4388624302178 -5.1499074408688
3.153125 9.2722221940177 -11.530212811701 -5.11314037482348
3.16875 9.16589911127576 -11.6187511529336 -5.0771809629103
3.184375 9.05670708284597 -11.7046856069025 -5.0420352045469
3.2 8.94465187976625 -11.7882278178737 -5.00770899049564
3.215625 8.82973998128904 -11.8695921812986 -4.9742081428012
3.23125 8.71197861759949 -11.9489950831467 -4.94153845514847
3.246875 8.59137581482377 -12.0266541204976 -4.9097057334963
3.2625 8.46794044226331 -12.1027873053214 -4.87871583683885
3.278125 8.34168226178819 -12.1776122534655 -4.84857471794303
3.29375 8.21261197932022 -12.2513453609582 -4.81928846390735
3.309375 8.08074129833344 -12.3242009698187 -4.79086333638507
3.325 7.94608297529808 -12.3963905256461 -4.76330581131242
3.340625 7.80865087699086 -12.4681217293346 -4.73662261798078
3.35625 7.66846003959292 -12.5395976853327 -4.7108207772906
3.371875 7.52552672949397 -12.6110160489285 -4.68590763902406
3.3875 7.37986850571887 -12.6825681751047 -4.66189091797313
3.403125 7.23150428389038 -12.7544382715597 -4.63877872876003
3.41875 7.08045440163895 -12.8268025585399 -4.61657961918772
3.434375 6.92674068536761 -12.8998284381693 -4.59530260195939
3.45 6.77038651827639 -12.9736736759986 -4.57495718460779
3.465625 6.61141690954725 -13.0484855975238 -4.55555339747749
3.48125 6.44985856458634 -13.1244003024461 -4.53710181960618
3.496875 6.28573995621577 -13.2015418994585 -4.5196136023547
3.5125 6.11909139670185 -13.2800217643529 -4.50310049063927
3.528125 5.94994511050118 -13.3599378242411 -4.48757484162442
3.54375 5.7783353075994 -13.441373870674 -4.47304964074013
3.559375 5.60429825731035 -13.5243989044299 -4.4595385148925
3.575 5.42787236239554 -13.6090665147196 -4.44705574274383
3.590625 5.24909823335493 -13.6954142955259 -4.4356162619449
3.60625 5.06801876273065 -13.7834633017571 -4.42523567320986
3.621875 4.8846791992546 -13.8732175478502 -4.4159302411324
3.6375 4.69912722165942 -13.9646635514058 -4.40771689165051
3.653125 4.51141301195979 -14.0577699243793 -4.40061320607673
3.66875 4.32158932799753 -14.1524870142835 -4.39463741162073
3.684375 4.12971157502915 -14.2487465977882 -4.38980836834135
3.7 3.93583787611889 -14.3464616290184 -4.38614555247691
3.715625 3.74002914108311 -14.4455260447691 -4.38366903611387
3.73125 3.54234913371404 -14.5458146287592 -4.38239946316657
3.746875 3.34286453699146 -14.6471829369502 -4.38235802165353
3.7625 3.14164501597012 -14.7494672858478 -4.38356641226934
3.778125 2.93876327800956 -14.8524848055948 -4.38604681326539
3.79375 2.73429512998956 -14.9560335595451 -4.38982184166709
3.809375 2.52831953213065 -15.0598927318886 -4.39491451087069
3.825 2.32091864801396 -15.1638228847629 -4.40134818467852
3.840625 2.11217789036836 -15.2675662861595 -4.40914652784794
3.85625 1.90218596216572 -15.3708473097862 -4.418333453246
3.871875 1.6910348925369 -15.473372907902 -4.42893306571961
3.8875 1.4788200669924 -15.5748331579892 -4.44096960280895
3.903125 1.26564025140203 -15.674901883962 -4.45446737245033
3.91875 1.05159760915793 -15.7732373524457 -4.46945068783402
3.934375 0.836797710915615 -15.8694830444805 -4.48594379960214
3.95 0.621349536277193 -15.9632685028166 -4.5039708255918
3.965625 0.405365466751689 -16.0542102547708 -4.52355567834947
3.98125 0.188961269298275 -16.1419128103998 -4.54472199066329
3.996875 -0.0277439302693496 -16.2259697355257 -4.5674930393819
4.0125 -0.244627684765411 -16.3059647989054 -4.59189166780989
4.028125 -0.461564274773019 -16.3814731925799 -4.61794020699214
4.04375 -0.67842477023662 -16.4520628241616 -4.64566039622177
4.059375 -0.895077105316317 -16.5172956795193 -4.67507330312881
4.075 -1.11138616732788 -16.5767292539976 -4.70619924372909
4.090625 -1.32721390060052 -16.6299180499586 -4.73905770283559
4.10625 -1.54241942608662 -16.6764151380536 -4.77366725525631
4.121875 -1.75685917755299 -16.715773779225 -4.81004548822478
4.1375 -1.97038705517008 -16.7475491039939 -4.84820892553059
4.153125 -2.18285459729363 -16.7712998451084 -4.88817295383739
4.16875 -2.39411117120039 -16.7865901191099 -4.92995175169563
4.184375 -2.60400418349532 -16.7929912518181 -4.97355822177526
4.2 -2.81237931084977 -16.7900836421336 -5.01900392685974
4.215625 -3.01908075165856 -16.7774586579185 -5.06629903015768
4.23125 -3.22395149911548 -16.7547205570301 -5.11545224050025
4.246875 -3.42683363610179 -16.7214884258599 -5.16647076300194
4.2625 -3.6275686521584 -16.6773981269663 -5.21936025576837
4.278125 -3.82599778266842 -16.6221042465854 -5.27412479323765
4.29375 -4.02196237021201 -16.5552820319762 -5.3307668367395
4.309375 -4.21530424786778 -16.4766293076902 -5.38928721285048
4.325 -4.4058661440249 -16.3858683589773 -5.4496851001116
4.340625 -4.59349210803503 -16.2827477696455 -5.51195802465688
4.35625 -4.77802795577474 -16.1670442007971 -5.5761018652774
4.371875 -4.95932173390485 -16.0385640959804 -5.64211086841405
4.3875 -5.13722420130565 -15.8971452974362 -5.70997767353294
4.403125 -5.31158932583434 -15.7426585573023 -5.7796933492903
4.41875 -5.48227479419675 -15.5750089268764 -5.85124744083711
4.434375 -5.64914253234871 -15.3941370063623 -5.92462802854791
4.45 -5.81205923344753 -15.2000200369433 -5.99982179838253
4.465625 -5.97089688996197 -14.9926728165724 -6.07681412400299
4.48125 -6.12553332612444 -14.7721484205677 -6.15558916067078
4.496875 -6.27585272647519 -14.5385387079694 -6.23612995084169
4.5125 -6.42174615581044 -14.291974594695 -6.31841854125581
4.528125 -6.56311206540987 -14.0326260748334 -6.4024361111899
4.54375 -6.69985677998998 -13.7607019719868 -6.48816311139737
4.559375 -6.83189495941614 -13.4764494034216 -6.57557941310905
4.575 -6.95915002881438 -13.1801529409564 -6.6646644663049
4.590625 -7.0815545703644 -12.8721334540181 -6.75539746629481
4.60625 -7.19905066973459 -12.5527466221613 -6.84775752746586
4.621875 -7.31159020985043 -12.2223811065877 -6.94172386286526
4.6375 -7.41913510447747 -11.8814563728357 -7.03727596809441
4.653125 -7.52165746396079 -11.5304201598489 -7.13439380779131
4.66875 -7.61913968540515 -11.1697455940774 -7.2330580027784
4.684375 -7.71157445961371 -10.7999279511115 -7.3332500157533
4.7 -7.79896468724054 -10.4214810715936 -7.43495233320224
4.715625 -7.88132329686124 -10.0349334427703 -7.53814864102523
4.73125 -7.95867295803869 -9.64082396201474 -7.64282399117868
4.746875 -8.03104568296433 -9.23969740393311 -7.7489649564714
4.7625 -8.09848231089797 -8.83209961821023 -7.8565597704947
4.778125 -8.1610318704177 -8.41857249111178 -7.96559844953244
4.79375 -8.21875081542965 -7.99964870945682 -8.07607289318519
4.809375 -8.27170213197901 -7.57584637184224 -8.18797696035822
4.825 -8.31995431414919 -7.1476634978458 -8.30130651721084
4.840625 -8.36358020873343 -6.71557249176318 -8.41605945364698
4.85625 -8.40265572990827 -6.28001462304182 -8.53223566494987
4.871875 -8.43725844682368 -5.84139459084732 -8.64983699522935
4.8875 -8.46746604884033 -5.4000752450198 -8.768867139463
4.903125 -8.49335469507625 -4.95637253992317 -8.88933150107555
4.91875 -8.51499725695655 -4.51055080123609 -9.01123700221676
4.934375 -8.53246146457101 -4.0628183884522 -9.13459184416933
4.95 -8.54580796981047 -3.61332383762552 -9.25940521564705
4.965625 -8.5550883414492 -3.16215256959485 -9.38568694712972
4.98125 -8.56034300953469 -2.7093242484369 -9.51344710982679
4.996875 -8.56159917860779 -2.25479087312807 -9.64269555836473
5.0125 -8.55886873136813 -1.79843568225189 -9.77344141685283
5.028125 -8.55214614638604 -1.34007294699855 -9.90569250859613
5.04375 -8.54140645530202 -0.879448721610973 -10.0394547303888
5.059375 -8.52660326661018 -0.416242612806119 -10.1747313730325
5.075 -8.50766688454924 0.0499293794684235 -10.3115223904752
5.090625 -8.484502552786 0.519510908274539 -10.4498236207531
5.10625 -8.45698885342912 0.993000183422286 -10.5896259627287
5.121875 -8.42497629241939 1.47094371677913 -10.730914513449
5.1375 -8.38828610246958 1.95392890808408 -10.8736676717854
5.153125 -8.34670929444062 2.44257548621622 -11.0178562148494
5.16875 -8.30000598731251 2.93752583786387 -11.1634423545022
5.184375 -8.24790504571556 3.43943427331669 -11.3103787820665
5.2 -8.19010405231193 3.94895529742777 -11.458607710106
5.215625 -8.12626964014876 4.46673097240761 -11.6080599208387
5.23125 -8.05603820743846 4.99337747773418 -11.7586538313883
5.246875 -7.97901703406314 5.52947099079094 -11.9102945866362
5.2625 -7.89478581546107 6.0755330295577 -12.062873190901
5.278125 -7.80289862545523 6.63201541544793 -12.2162656900363
5.29375 -7.70288631505599 7.19928502987419 -12.3703324157827
5.309375 -7.5942593493528 7.77760855199562 -12.5249173043275
5.325 -7.47651107934957 8.36713737702842 -12.6798473010068
5.340625 -7.34912144005267 8.96789292416743 -12.8349318629227
5.35625 -7.21156106035367 9.57975255027888 -12.9899625709274
5.371875 -7.06329576433276 10.2024362898139 -13.1447128619573
5.3875 -6.90379143762312 10.8354946426259 -13.2989378920637
5.403125 -6.73251922650457 11.4782976293581 -13.4523745396904
5.41875 -6.54896103152694 12.1300253286573 -13.6047415577995
5.434375 -6.35261525179143 12.7896601015652 -13.7557398823337
5.45 -6.1430027306357 13.4559806960088 -13.9050531032448
5.465625 -5.91967284847085 14.1275584083701 -14.0523481029266
5.48125 -5.68220970399716 14.8027554597543 -14.1972758653559
5.496875 -5.43023832107147 15.479725721939 -14.3394724576151
5.5125 -5.16343081519716 16.1564179022874 -14.4785601837247
5.528125 -4.88151245103475 16.8305812684289 -14.6141489089022
5.54375 -4.58426752055972 17.4997739625813 -14.7458375504869
5.559375 -4.27154497058174 18.1613739224101 -14.873215729858
5.575 -3.9432637083375 18.8125923907391 -14.9958655777505
5.590625 -3.59941751481219 19.4504899607358 -15.1133636834584
5.60625 -3.24007949735612 20.0719950669276 -15.2252831765437
5.621875 -2.86540601605054 20.6739247961231 -15.3311959278558
5.6375 -2.47564002213295 21.2530078565994 -15.430674854948
5.653125 -2.07111375159397 21.8059095093642 -15.5232963153702
5.66875 -1.65225072276618 22.3292582325008 -15.6086425698548
5.684375 -1.21956699328557 22.8196738591417 -15.6863042961111
5.7 -0.77367163914806 23.2737969020365 -15.7558831328293
5.715625 -0.315266426623172 23.6883187535226 -15.8169942325864
5.73125 0.154855343574408 24.0600124294326 -15.869268801662
5.746875 0.635810831325932 24.3857635095161 -15.9123566043241
5.7625 1.12663049333504 24.6626009156653 -15.9459284089457
5.778125 1.62626175277419 24.8877271629061 -15.9696783533768
5.79375 2.13357348474267 25.0585477169431 -15.9833262073136
5.809375 2.64736129012024 25.172699096164 -15.9866195099969
5.825 3.16635352076982 25.2280753654319 -15.979335562415
5.840625 3.68921800973091 25.2228526836732 -15.9612832542882
5.85625 4.21456945119143 25.1555115870498 -15.9323047074555
5.871875 4.74097736676231 25.0248567141424 -15.8922767188584
5.8875 5.26697458703356 24.8300337087445 -15.8411119881021
5.903125 5.79106617067736 24.5705430691555 -15.7787601165531
5.91875 6.31173867758821 24.2462507497933 -15.705208367076
5.934375 6.82746970780182 23.8573953609541 -15.6204821758038
5.95 7.33673761428838 23.4045918550405 -15.5246454097307
5.965625 7.83803129522977 22.8888316318841 -15.4178003664062
5.98125 8.32985997010368 22.3114790412356 -15.300087514541
5.996875 8.81076284383274 21.6742643063611 -15.1716849768907
6.0125 9.27931856441421 20.9792729382562 -15.0328077593243
6.028125 9.73415438180961 20.2289317545582 -14.88370673248
6.04375 10.173954919408 19.4259916601007 -14.7246673748274
6.059375 10.5974704740257 18.5735073865581 -14.5560082882633
6.075 11.0035247661016 17.6748144261437 -14.378079499543
6.090625 11.3910220683977 16.7335034282912 -14.1912605628529
6.10625 11.7589536490251 15.7533923581667 -13.9959584806515
6.121875 12.1064034728666 14.7384967412894 -13.7926054615159
6.1375 12.4325531143348 13.6929983391476 -13.5816565351118
6.153125 12.7366858437637 12.621212616213 -13.3635870455425
6.16875 13.0181898594298 11.5275553690079 -13.1388900452223
6.184375 13.2765606471114 10.4165088927892 -12.9080736120371
6.2 13.5114024590653 9.29258806099119 -12.6716581129185
6.215625 13.722428914194 8.16030668690771 -12.4301734370509
6.23125 13.9094627308551 7.02414452639602 -12.1841562217615
6.246875 14.0724346131001 5.88851526490021 -11.9341470937278
6.2625 14.2113813199885 4.75773581217894 -11.6806879474681
6.278125 14.326442955909 3.63599720418132 -11.4243192821958
6.29375 14.4178595274309 2.52733738401817 -11.1655776170086
